max insolation W/m^2	time (yrs)
213.85	0.00
215.54	-1000.00
217.75	-2000.00
220.57	-3000.00
223.66	-4000.00
227.13	-5000.00
230.91	-6000.00
234.83	-7000.00
238.90	-8000.00
243.00	-9000.00
247.19	-10000.00
251.24	-11000.00
255.18	-12000.00
258.99	-13000.00
262.53	-14000.00
265.77	-15000.00
268.75	-16000.00
271.23	-17000.00
273.30	-18000.00
274.93	-19000.00
276.01	-20000.00
276.47	-21000.00
276.45	-22000.00
275.85	-23000.00
274.60	-24000.00
272.81	-25000.00
270.48	-26000.00
267.59	-27000.00
264.25	-28000.00
260.42	-29000.00
256.23	-30000.00
251.59	-31000.00
246.77	-32000.00
241.71	-33000.00
236.37	-34000.00
231.04	-35000.00
225.72	-36000.00
220.42	-37000.00
215.28	-38000.00
210.41	-39000.00
205.88	-40000.00
201.75	-41000.00
198.16	-42000.00
195.18	-43000.00
192.82	-44000.00
191.27	-45000.00
190.53	-46000.00
190.57	-47000.00
191.53	-48000.00
193.34	-49000.00
195.96	-50000.00
199.35	-51000.00
203.49	-52000.00
208.27	-53000.00
213.63	-54000.00
219.56	-55000.00
225.87	-56000.00
232.55	-57000.00
239.61	-58000.00
246.76	-59000.00
254.09	-60000.00
261.41	-61000.00
268.78	-62000.00
275.87	-63000.00
282.74	-64000.00
289.41	-65000.00
295.46	-66000.00
301.08	-67000.00
306.18	-68000.00
310.51	-69000.00
314.18	-70000.00
317.07	-71000.00
319.23	-72000.00
320.47	-73000.00
320.92	-74000.00
320.62	-75000.00
319.43	-76000.00
317.48	-77000.00
314.89	-78000.00
311.44	-79000.00
307.38	-80000.00
302.78	-81000.00
297.65	-82000.00
292.02	-83000.00
286.11	-84000.00
279.96	-85000.00
273.59	-86000.00
267.30	-87000.00
261.04	-88000.00
254.88	-89000.00
249.10	-90000.00
243.69	-91000.00
238.79	-92000.00
234.36	-93000.00
230.71	-94000.00
227.77	-95000.00
225.52	-96000.00
224.21	-97000.00
223.63	-98000.00
223.84	-99000.00
224.87	-100000.00
226.49	-101000.00
228.73	-102000.00
231.50	-103000.00
234.68	-104000.00
238.13	-105000.00
241.81	-106000.00
245.68	-107000.00
249.55	-108000.00
253.37	-109000.00
257.20	-110000.00
260.76	-111000.00
264.13	-112000.00
267.34	-113000.00
270.11	-114000.00
272.55	-115000.00
274.68	-116000.00
276.38	-117000.00
277.62	-118000.00
278.40	-119000.00
278.86	-120000.00
278.77	-121000.00
278.30	-122000.00
277.40	-123000.00
276.12	-124000.00
274.38	-125000.00
272.31	-126000.00
269.91	-127000.00
267.06	-128000.00
264.00	-129000.00
260.66	-130000.00
256.98	-131000.00
253.16	-132000.00
249.16	-133000.00
245.04	-134000.00
240.82	-135000.00
236.59	-136000.00
232.41	-137000.00
228.29	-138000.00
224.36	-139000.00
220.66	-140000.00
217.15	-141000.00
214.11	-142000.00
211.47	-143000.00
209.27	-144000.00
207.71	-145000.00
206.79	-146000.00
206.58	-147000.00
207.09	-148000.00
208.42	-149000.00
210.54	-150000.00
213.36	-151000.00
216.99	-152000.00
221.24	-153000.00
226.10	-154000.00
231.55	-155000.00
237.42	-156000.00
243.64	-157000.00
250.16	-158000.00
256.87	-159000.00
263.60	-160000.00
270.32	-161000.00
276.96	-162000.00
283.24	-163000.00
289.25	-164000.00
294.85	-165000.00
299.83	-166000.00
304.23	-167000.00
307.99	-168000.00
310.99	-169000.00
313.16	-170000.00
314.51	-171000.00
315.14	-172000.00
314.71	-173000.00
313.49	-174000.00
311.57	-175000.00
308.57	-176000.00
304.92	-177000.00
300.53	-178000.00
295.45	-179000.00
289.75	-180000.00
283.49	-181000.00
276.96	-182000.00
269.92	-183000.00
262.79	-184000.00
255.55	-185000.00
248.21	-186000.00
241.01	-187000.00
233.99	-188000.00
227.24	-189000.00
220.76	-190000.00
214.81	-191000.00
209.34	-192000.00
204.39	-193000.00
200.16	-194000.00
196.56	-195000.00
193.72	-196000.00
191.68	-197000.00
190.42	-198000.00
189.93	-199000.00
190.27	-200000.00
191.40	-201000.00
193.19	-202000.00
195.60	-203000.00
198.71	-204000.00
202.27	-205000.00
206.26	-206000.00
210.70	-207000.00
215.37	-208000.00
220.27	-209000.00
225.38	-210000.00
230.48	-211000.00
235.63	-212000.00
240.66	-213000.00
245.65	-214000.00
250.35	-215000.00
254.76	-216000.00
258.94	-217000.00
262.68	-218000.00
266.01	-219000.00
268.92	-220000.00
271.30	-221000.00
273.17	-222000.00
274.54	-223000.00
275.33	-224000.00
275.48	-225000.00
275.18	-226000.00
274.35	-227000.00
272.94	-228000.00
271.05	-229000.00
268.76	-230000.00
266.07	-231000.00
262.98	-232000.00
259.65	-233000.00
256.13	-234000.00
252.33	-235000.00
248.52	-236000.00
244.71	-237000.00
240.80	-238000.00
237.13	-239000.00
233.60	-240000.00
230.31	-241000.00
227.38	-242000.00
224.84	-243000.00
222.84	-244000.00
221.28	-245000.00
220.42	-246000.00
220.18	-247000.00
220.58	-248000.00
221.73	-249000.00
223.52	-250000.00
225.95	-251000.00
229.08	-252000.00
232.74	-253000.00
236.88	-254000.00
241.56	-255000.00
246.63	-256000.00
251.99	-257000.00
257.60	-258000.00
263.48	-259000.00
269.43	-260000.00
275.37	-261000.00
281.38	-262000.00
287.26	-263000.00
292.95	-264000.00
298.47	-265000.00
303.70	-266000.00
308.54	-267000.00
312.96	-268000.00
317.04	-269000.00
320.41	-270000.00
323.29	-271000.00
325.61	-272000.00
327.14	-273000.00
328.07	-274000.00
328.19	-275000.00
327.67	-276000.00
326.31	-277000.00
324.27	-278000.00
321.62	-279000.00
318.11	-280000.00
314.09	-281000.00
309.50	-282000.00
304.25	-283000.00
298.61	-284000.00
292.60	-285000.00
286.19	-286000.00
279.50	-287000.00
272.76	-288000.00
265.93	-289000.00
259.10	-290000.00
252.45	-291000.00
246.10	-292000.00
240.04	-293000.00
234.52	-294000.00
229.57	-295000.00
225.23	-296000.00
221.66	-297000.00
218.90	-298000.00
216.97	-299000.00
215.82	-300000.00
215.57	-301000.00
216.06	-302000.00
217.19	-303000.00
219.00	-304000.00
221.20	-305000.00
223.84	-306000.00
226.77	-307000.00
229.80	-308000.00
232.91	-309000.00
235.98	-310000.00
239.05	-311000.00
241.79	-312000.00
244.32	-313000.00
246.66	-314000.00
248.52	-315000.00
250.06	-316000.00
251.21	-317000.00
251.90	-318000.00
252.15	-319000.00
251.98	-320000.00
251.37	-321000.00
250.26	-322000.00
248.76	-323000.00
246.95	-324000.00
244.69	-325000.00
242.10	-326000.00
239.28	-327000.00
236.24	-328000.00
232.98	-329000.00
229.60	-330000.00
226.16	-331000.00
222.60	-332000.00
219.11	-333000.00
215.63	-334000.00
212.17	-335000.00
208.88	-336000.00
205.68	-337000.00
202.70	-338000.00
199.87	-339000.00
197.34	-340000.00
195.09	-341000.00
193.11	-342000.00
191.56	-343000.00
190.40	-344000.00
189.64	-345000.00
189.47	-346000.00
189.84	-347000.00
190.78	-348000.00
192.40	-349000.00
194.72	-350000.00
197.71	-351000.00
201.39	-352000.00
205.79	-353000.00
210.84	-354000.00
216.44	-355000.00
222.69	-356000.00
229.42	-357000.00
236.51	-358000.00
244.08	-359000.00
251.83	-360000.00
259.85	-361000.00
267.98	-362000.00
276.18	-363000.00
284.26	-364000.00
292.23	-365000.00
300.08	-366000.00
307.46	-367000.00
314.51	-368000.00
321.15	-369000.00
327.20	-370000.00
332.61	-371000.00
337.39	-372000.00
341.54	-373000.00
344.77	-374000.00
347.35	-375000.00
349.19	-376000.00
350.07	-377000.00
350.28	-378000.00
349.74	-379000.00
348.34	-380000.00
346.19	-381000.00
343.43	-382000.00
339.96	-383000.00
335.85	-384000.00
331.21	-385000.00
326.18	-386000.00
320.65	-387000.00
314.86	-388000.00
308.90	-389000.00
302.69	-390000.00
296.57	-391000.00
290.51	-392000.00
284.56	-393000.00
278.88	-394000.00
273.61	-395000.00
268.76	-396000.00
264.36	-397000.00
260.66	-398000.00
257.59	-399000.00
255.20	-400000.00
253.60	-401000.00
252.73	-402000.00
252.59	-403000.00
253.17	-404000.00
254.42	-405000.00
256.19	-406000.00
258.50	-407000.00
261.32	-408000.00
264.34	-409000.00
267.61	-410000.00
271.10	-411000.00
274.56	-412000.00
278.00	-413000.00
281.30	-414000.00
284.35	-415000.00
287.12	-416000.00
289.52	-417000.00
291.46	-418000.00
292.85	-419000.00
293.69	-420000.00
294.10	-421000.00
293.68	-422000.00
292.73	-423000.00
291.17	-424000.00
288.92	-425000.00
286.07	-426000.00
282.60	-427000.00
278.57	-428000.00
273.93	-429000.00
268.85	-430000.00
263.32	-431000.00
257.30	-432000.00
251.01	-433000.00
244.47	-434000.00
237.77	-435000.00
230.88	-436000.00
224.05	-437000.00
217.31	-438000.00
210.61	-439000.00
204.22	-440000.00
198.10	-441000.00
192.28	-442000.00
186.93	-443000.00
182.03	-444000.00
177.64	-445000.00
173.83	-446000.00
170.60	-447000.00
168.04	-448000.00
166.09	-449000.00
164.87	-450000.00
164.33	-451000.00
164.39	-452000.00
165.22	-453000.00
166.62	-454000.00
168.61	-455000.00
171.23	-456000.00
174.36	-457000.00
178.01	-458000.00
182.13	-459000.00
186.73	-460000.00
191.70	-461000.00
197.03	-462000.00
202.77	-463000.00
208.72	-464000.00
214.92	-465000.00
221.36	-466000.00
227.95	-467000.00
234.53	-468000.00
241.20	-469000.00
247.86	-470000.00
254.37	-471000.00
260.76	-472000.00
266.99	-473000.00
272.86	-474000.00
278.48	-475000.00
283.79	-476000.00
288.57	-477000.00
292.94	-478000.00
296.84	-479000.00
300.26	-480000.00
303.08	-481000.00
305.35	-482000.00
307.16	-483000.00
308.28	-484000.00
309.00	-485000.00
309.24	-486000.00
308.88	-487000.00
308.17	-488000.00
307.06	-489000.00
305.63	-490000.00
303.81	-491000.00
301.88	-492000.00
299.81	-493000.00
297.60	-494000.00
295.45	-495000.00
293.40	-496000.00
291.53	-497000.00
289.91	-498000.00
288.71	-499000.00
287.87	-500000.00
287.56	-501000.00
287.86	-502000.00
288.68	-503000.00
290.11	-504000.00
292.24	-505000.00
294.90	-506000.00
298.11	-507000.00
301.91	-508000.00
306.14	-509000.00
310.73	-510000.00
315.65	-511000.00
320.76	-512000.00
325.97	-513000.00
331.18	-514000.00
336.39	-515000.00
341.27	-516000.00
345.89	-517000.00
350.28	-518000.00
354.00	-519000.00
357.22	-520000.00
359.83	-521000.00
361.72	-522000.00
362.86	-523000.00
363.10	-524000.00
362.58	-525000.00
361.10	-526000.00
358.75	-527000.00
355.55	-528000.00
351.38	-529000.00
346.40	-530000.00
340.71	-531000.00
334.18	-532000.00
326.97	-533000.00
319.17	-534000.00
310.91	-535000.00
302.11	-536000.00
293.04	-537000.00
283.71	-538000.00
274.12	-539000.00
264.58	-540000.00
255.01	-541000.00
245.57	-542000.00
236.35	-543000.00
227.47	-544000.00
219.06	-545000.00
210.97	-546000.00
203.60	-547000.00
196.81	-548000.00
190.62	-549000.00
185.23	-550000.00
180.54	-551000.00
176.60	-552000.00
173.43	-553000.00
170.97	-554000.00
169.23	-555000.00
168.12	-556000.00
167.64	-557000.00
167.68	-558000.00
168.22	-559000.00
169.24	-560000.00
170.64	-561000.00
172.37	-562000.00
174.53	-563000.00
176.96	-564000.00
179.65	-565000.00
182.66	-566000.00
185.91	-567000.00
189.37	-568000.00
193.02	-569000.00
196.89	-570000.00
200.83	-571000.00
204.87	-572000.00
209.05	-573000.00
213.15	-574000.00
217.23	-575000.00
221.24	-576000.00
225.22	-577000.00
228.93	-578000.00
232.47	-579000.00
235.88	-580000.00
238.94	-581000.00
241.82	-582000.00
244.39	-583000.00
246.62	-584000.00
248.58	-585000.00
250.21	-586000.00
251.54	-587000.00
252.46	-588000.00
253.12	-589000.00
253.53	-590000.00
253.59	-591000.00
253.42	-592000.00
253.10	-593000.00
252.55	-594000.00
251.95	-595000.00
251.30	-596000.00
250.65	-597000.00
250.05	-598000.00
249.68	-599000.00
249.51	-600000.00
249.57	-601000.00
250.08	-602000.00
251.02	-603000.00
252.44	-604000.00
254.40	-605000.00
256.98	-606000.00
260.17	-607000.00
263.93	-608000.00
268.41	-609000.00
273.41	-610000.00
278.97	-611000.00
285.12	-612000.00
291.62	-613000.00
298.56	-614000.00
305.86	-615000.00
313.34	-616000.00
321.01	-617000.00
328.73	-618000.00
336.51	-619000.00
344.10	-620000.00
351.49	-621000.00
358.69	-622000.00
365.40	-623000.00
371.66	-624000.00
377.52	-625000.00
382.57	-626000.00
386.99	-627000.00
390.77	-628000.00
393.64	-629000.00
395.64	-630000.00
396.77	-631000.00
397.09	-632000.00
396.33	-633000.00
394.63	-634000.00
392.10	-635000.00
388.51	-636000.00
384.06	-637000.00
378.76	-638000.00
372.70	-639000.00
365.76	-640000.00
358.34	-641000.00
350.36	-642000.00
341.76	-643000.00
332.96	-644000.00
323.84	-645000.00
314.55	-646000.00
305.25	-647000.00
296.00	-648000.00
286.90	-649000.00
278.07	-650000.00
269.66	-651000.00
261.71	-652000.00
254.29	-653000.00
247.59	-654000.00
241.63	-655000.00
236.31	-656000.00
231.95	-657000.00
228.31	-658000.00
225.36	-659000.00
223.19	-660000.00
221.55	-661000.00
220.41	-662000.00
219.64	-663000.00
219.12	-664000.00
218.78	-665000.00
218.44	-666000.00
218.17	-667000.00
217.72	-668000.00
217.14	-669000.00
216.43	-670000.00
215.42	-671000.00
214.22	-672000.00
212.85	-673000.00
211.27	-674000.00
209.45	-675000.00
207.55	-676000.00
205.56	-677000.00
203.46	-678000.00
201.39	-679000.00
199.36	-680000.00
197.37	-681000.00
195.48	-682000.00
193.80	-683000.00
192.28	-684000.00
190.89	-685000.00
189.77	-686000.00
188.96	-687000.00
188.29	-688000.00
187.91	-689000.00
187.79	-690000.00
187.86	-691000.00
188.17	-692000.00
188.65	-693000.00
189.30	-694000.00
190.05	-695000.00
190.91	-696000.00
191.87	-697000.00
192.79	-698000.00
193.78	-699000.00
194.80	-700000.00
195.83	-701000.00
196.83	-702000.00
197.94	-703000.00
199.11	-704000.00
200.42	-705000.00
201.96	-706000.00
203.70	-707000.00
205.77	-708000.00
208.27	-709000.00
211.22	-710000.00
214.65	-711000.00
218.66	-712000.00
223.29	-713000.00
228.49	-714000.00
234.26	-715000.00
240.66	-716000.00
247.56	-717000.00
254.86	-718000.00
262.71	-719000.00
270.76	-720000.00
279.10	-721000.00
287.69	-722000.00
296.28	-723000.00
304.93	-724000.00
313.47	-725000.00
321.88	-726000.00
330.02	-727000.00
337.75	-728000.00
345.26	-729000.00
352.11	-730000.00
358.45	-731000.00
364.23	-732000.00
369.26	-733000.00
373.55	-734000.00
377.17	-735000.00
379.93	-736000.00
381.81	-737000.00
383.03	-738000.00
383.40	-739000.00
382.87	-740000.00
381.63	-741000.00
379.69	-742000.00
376.94	-743000.00
373.47	-744000.00
369.48	-745000.00
364.86	-746000.00
359.65	-747000.00
354.07	-748000.00
348.15	-749000.00
341.77	-750000.00
335.36	-751000.00
328.82	-752000.00
322.12	-753000.00
315.63	-754000.00
309.23	-755000.00
303.08	-756000.00
297.25	-757000.00
291.81	-758000.00
286.90	-759000.00
282.43	-760000.00
278.69	-761000.00
275.50	-762000.00
272.94	-763000.00
271.17	-764000.00
269.98	-765000.00
269.38	-766000.00
269.46	-767000.00
269.99	-768000.00
270.91	-769000.00
272.20	-770000.00
273.75	-771000.00
275.36	-772000.00
277.01	-773000.00
278.62	-774000.00
280.08	-775000.00
281.21	-776000.00
282.11	-777000.00
282.48	-778000.00
282.39	-779000.00
281.85	-780000.00
280.65	-781000.00
278.83	-782000.00
276.44	-783000.00
273.46	-784000.00
269.77	-785000.00
265.56	-786000.00
260.80	-787000.00
255.49	-788000.00
249.78	-789000.00
243.63	-790000.00
237.16	-791000.00
230.37	-792000.00
223.44	-793000.00
216.38	-794000.00
209.15	-795000.00
202.04	-796000.00
195.06	-797000.00
188.18	-798000.00
181.59	-799000.00
175.32	-800000.00
169.44	-801000.00
164.01	-802000.00
159.06	-803000.00
154.65	-804000.00
150.75	-805000.00
147.45	-806000.00
144.76	-807000.00
142.59	-808000.00
141.04	-809000.00
140.10	-810000.00
139.74	-811000.00
139.92	-812000.00
140.73	-813000.00
142.09	-814000.00
144.04	-815000.00
146.61	-816000.00
149.74	-817000.00
153.49	-818000.00
157.86	-819000.00
162.84	-820000.00
168.42	-821000.00
174.58	-822000.00
181.40	-823000.00
188.70	-824000.00
196.53	-825000.00
204.90	-826000.00
213.60	-827000.00
222.64	-828000.00
232.06	-829000.00
241.58	-830000.00
251.20	-831000.00
260.92	-832000.00
270.55	-833000.00
280.03	-834000.00
289.25	-835000.00
298.25	-836000.00
306.80	-837000.00
314.84	-838000.00
322.53	-839000.00
329.45	-840000.00
335.76	-841000.00
341.40	-842000.00
346.27	-843000.00
350.32	-844000.00
353.61	-845000.00
356.14	-846000.00
357.70	-847000.00
358.67	-848000.00
358.83	-849000.00
358.20	-850000.00
356.96	-851000.00
355.09	-852000.00
352.73	-853000.00
349.73	-854000.00
346.47	-855000.00
342.86	-856000.00
338.89	-857000.00
334.88	-858000.00
330.77	-859000.00
326.56	-860000.00
322.56	-861000.00
318.71	-862000.00
315.03	-863000.00
311.69	-864000.00
308.74	-865000.00
306.19	-866000.00
304.04	-867000.00
302.39	-868000.00
301.28	-869000.00
300.53	-870000.00
300.37	-871000.00
300.58	-872000.00
301.16	-873000.00
302.21	-874000.00
303.48	-875000.00
304.97	-876000.00
306.70	-877000.00
308.54	-878000.00
310.36	-879000.00
312.17	-880000.00
313.97	-881000.00
315.51	-882000.00
316.84	-883000.00
317.94	-884000.00
318.69	-885000.00
319.00	-886000.00
318.93	-887000.00
318.35	-888000.00
317.20	-889000.00
315.59	-890000.00
313.43	-891000.00
310.57	-892000.00
307.26	-893000.00
303.38	-894000.00
298.95	-895000.00
294.01	-896000.00
288.60	-897000.00
282.81	-898000.00
276.64	-899000.00
270.14	-900000.00
263.43	-901000.00
256.40	-902000.00
249.37	-903000.00
242.24	-904000.00
235.02	-905000.00
227.93	-906000.00
221.00	-907000.00
214.25	-908000.00
207.71	-909000.00
201.55	-910000.00
195.75	-911000.00
190.34	-912000.00
185.42	-913000.00
180.96	-914000.00
176.98	-915000.00
173.53	-916000.00
170.61	-917000.00
168.12	-918000.00
166.16	-919000.00
164.67	-920000.00
163.61	-921000.00
162.95	-922000.00
162.73	-923000.00
162.87	-924000.00
163.39	-925000.00
164.31	-926000.00
165.56	-927000.00
167.18	-928000.00
169.18	-929000.00
171.54	-930000.00
174.27	-931000.00
177.31	-932000.00
180.82	-933000.00
184.55	-934000.00
188.64	-935000.00
193.10	-936000.00
197.72	-937000.00
202.61	-938000.00
207.73	-939000.00
212.99	-940000.00
218.33	-941000.00
223.75	-942000.00
229.26	-943000.00
234.65	-944000.00
240.02	-945000.00
245.32	-946000.00
250.43	-947000.00
255.30	-948000.00
260.02	-949000.00
264.43	-950000.00
268.48	-951000.00
272.27	-952000.00
275.72	-953000.00
278.72	-954000.00
281.41	-955000.00
283.72	-956000.00
285.63	-957000.00
287.25	-958000.00
288.54	-959000.00
289.55	-960000.00
290.27	-961000.00
290.82	-962000.00
291.27	-963000.00
291.49	-964000.00
291.76	-965000.00
292.02	-966000.00
292.29	-967000.00
292.75	-968000.00
293.33	-969000.00
294.09	-970000.00
295.14	-971000.00
296.47	-972000.00
298.05	-973000.00
299.91	-974000.00
302.16	-975000.00
304.65	-976000.00
307.36	-977000.00
310.35	-978000.00
313.57	-979000.00
316.85	-980000.00
320.32	-981000.00
323.80	-982000.00
327.25	-983000.00
330.69	-984000.00
334.01	-985000.00
337.09	-986000.00
340.01	-987000.00
342.69	-988000.00
345.01	-989000.00
346.95	-990000.00
348.59	-991000.00
349.76	-992000.00
350.45	-993000.00
350.65	-994000.00
350.47	-995000.00
349.59	-996000.00
348.28	-997000.00
346.43	-998000.00
343.91	-999000.00
340.93	-1000000.00
337.45	-1001000.00
333.36	-1002000.00
328.79	-1003000.00
323.83	-1004000.00
318.49	-1005000.00
312.71	-1006000.00
306.67	-1007000.00
300.42	-1008000.00
293.95	-1009000.00
287.39	-1010000.00
280.82	-1011000.00
274.14	-1012000.00
267.64	-1013000.00
261.28	-1014000.00
255.05	-1015000.00
249.11	-1016000.00
243.51	-1017000.00
238.28	-1018000.00
233.38	-1019000.00
228.98	-1020000.00
225.05	-1021000.00
221.53	-1022000.00
218.57	-1023000.00
216.03	-1024000.00
213.94	-1025000.00
212.29	-1026000.00
211.08	-1027000.00
210.15	-1028000.00
209.54	-1029000.00
209.30	-1030000.00
209.22	-1031000.00
209.36	-1032000.00
209.71	-1033000.00
210.17	-1034000.00
210.76	-1035000.00
211.48	-1036000.00
212.26	-1037000.00
213.07	-1038000.00
213.97	-1039000.00
214.93	-1040000.00
215.86	-1041000.00
216.80	-1042000.00
217.83	-1043000.00
218.73	-1044000.00
219.63	-1045000.00
220.57	-1046000.00
221.36	-1047000.00
222.11	-1048000.00
222.81	-1049000.00
223.45	-1050000.00
223.96	-1051000.00
224.40	-1052000.00
224.82	-1053000.00
225.07	-1054000.00
225.34	-1055000.00
225.52	-1056000.00
225.64	-1057000.00
225.67	-1058000.00
225.72	-1059000.00
225.75	-1060000.00
225.65	-1061000.00
225.62	-1062000.00
225.61	-1063000.00
225.57	-1064000.00
225.62	-1065000.00
225.73	-1066000.00
225.94	-1067000.00
226.30	-1068000.00
226.84	-1069000.00
227.57	-1070000.00
228.48	-1071000.00
229.71	-1072000.00
231.24	-1073000.00
232.98	-1074000.00
235.11	-1075000.00
237.58	-1076000.00
240.33	-1077000.00
243.45	-1078000.00
246.88	-1079000.00
250.58	-1080000.00
254.58	-1081000.00
258.88	-1082000.00
263.34	-1083000.00
267.96	-1084000.00
272.81	-1085000.00
277.72	-1086000.00
282.64	-1087000.00
287.56	-1088000.00
292.55	-1089000.00
297.31	-1090000.00
301.98	-1091000.00
306.52	-1092000.00
310.76	-1093000.00
314.77	-1094000.00
318.51	-1095000.00
321.86	-1096000.00
324.88	-1097000.00
327.59	-1098000.00
329.90	-1099000.00
331.76	-1100000.00
333.30	-1101000.00
334.47	-1102000.00
335.18	-1103000.00
335.51	-1104000.00
335.58	-1105000.00
335.13	-1106000.00
334.37	-1107000.00
333.32	-1108000.00
331.80	-1109000.00
330.04	-1110000.00
328.01	-1111000.00
325.68	-1112000.00
323.06	-1113000.00
320.31	-1114000.00
317.45	-1115000.00
314.31	-1116000.00
311.19	-1117000.00
308.02	-1118000.00
304.83	-1119000.00
301.67	-1120000.00
298.65	-1121000.00
295.65	-1122000.00
292.81	-1123000.00
290.24	-1124000.00
287.77	-1125000.00
285.51	-1126000.00
283.58	-1127000.00
281.86	-1128000.00
280.36	-1129000.00
279.16	-1130000.00
278.22	-1131000.00
277.44	-1132000.00
276.94	-1133000.00
276.61	-1134000.00
276.39	-1135000.00
276.28	-1136000.00
276.33	-1137000.00
276.31	-1138000.00
276.26	-1139000.00
276.30	-1140000.00
276.11	-1141000.00
275.82	-1142000.00
275.41	-1143000.00
274.78	-1144000.00
273.93	-1145000.00
272.84	-1146000.00
271.60	-1147000.00
270.00	-1148000.00
268.20	-1149000.00
266.22	-1150000.00
263.93	-1151000.00
261.45	-1152000.00
258.83	-1153000.00
255.96	-1154000.00
252.94	-1155000.00
249.85	-1156000.00
246.62	-1157000.00
243.26	-1158000.00
239.93	-1159000.00
236.58	-1160000.00
233.23	-1161000.00
229.93	-1162000.00
226.77	-1163000.00
223.70	-1164000.00
220.82	-1165000.00
218.14	-1166000.00
215.68	-1167000.00
213.37	-1168000.00
211.41	-1169000.00
209.72	-1170000.00
208.25	-1171000.00
207.12	-1172000.00
206.32	-1173000.00
205.82	-1174000.00
205.66	-1175000.00
205.83	-1176000.00
206.37	-1177000.00
207.24	-1178000.00
208.52	-1179000.00
210.12	-1180000.00
212.03	-1181000.00
214.34	-1182000.00
216.99	-1183000.00
219.86	-1184000.00
223.04	-1185000.00
226.51	-1186000.00
230.13	-1187000.00
233.96	-1188000.00
237.90	-1189000.00
241.90	-1190000.00
245.94	-1191000.00
250.04	-1192000.00
254.04	-1193000.00
257.91	-1194000.00
261.73	-1195000.00
265.38	-1196000.00
268.79	-1197000.00
271.96	-1198000.00
275.01	-1199000.00
277.65	-1200000.00
280.05	-1201000.00
282.23	-1202000.00
283.98	-1203000.00
285.50	-1204000.00
286.71	-1205000.00
287.62	-1206000.00
288.24	-1207000.00
288.63	-1208000.00
288.86	-1209000.00
288.74	-1210000.00
288.57	-1211000.00
288.28	-1212000.00
287.84	-1213000.00
287.31	-1214000.00
286.82	-1215000.00
286.24	-1216000.00
285.66	-1217000.00
285.22	-1218000.00
284.73	-1219000.00
284.32	-1220000.00
284.09	-1221000.00
283.89	-1222000.00
283.81	-1223000.00
283.89	-1224000.00
284.18	-1225000.00
284.50	-1226000.00
285.01	-1227000.00
285.72	-1228000.00
286.52	-1229000.00
287.44	-1230000.00
288.56	-1231000.00
289.74	-1232000.00
290.99	-1233000.00
292.44	-1234000.00
293.83	-1235000.00
295.28	-1236000.00
296.84	-1237000.00
298.37	-1238000.00
299.92	-1239000.00
301.41	-1240000.00
302.97	-1241000.00
304.42	-1242000.00
305.83	-1243000.00
307.25	-1244000.00
308.51	-1245000.00
309.69	-1246000.00
310.86	-1247000.00
311.82	-1248000.00
312.62	-1249000.00
313.36	-1250000.00
313.85	-1251000.00
314.09	-1252000.00
314.19	-1253000.00
314.03	-1254000.00
313.60	-1255000.00
312.85	-1256000.00
311.92	-1257000.00
310.64	-1258000.00
309.06	-1259000.00
307.26	-1260000.00
305.13	-1261000.00
302.71	-1262000.00
300.12	-1263000.00
297.23	-1264000.00
294.07	-1265000.00
290.80	-1266000.00
287.34	-1267000.00
283.67	-1268000.00
279.94	-1269000.00
276.14	-1270000.00
272.34	-1271000.00
268.47	-1272000.00
264.71	-1273000.00
261.01	-1274000.00
257.42	-1275000.00
254.03	-1276000.00
250.80	-1277000.00
247.70	-1278000.00
244.92	-1279000.00
242.38	-1280000.00
239.99	-1281000.00
237.90	-1282000.00
236.08	-1283000.00
234.49	-1284000.00
233.12	-1285000.00
232.01	-1286000.00
231.14	-1287000.00
230.44	-1288000.00
230.02	-1289000.00
229.77	-1290000.00
229.67	-1291000.00
229.80	-1292000.00
230.13	-1293000.00
230.52	-1294000.00
231.07	-1295000.00
231.80	-1296000.00
232.53	-1297000.00
233.38	-1298000.00
234.28	-1299000.00
235.16	-1300000.00
236.08	-1301000.00
236.97	-1302000.00
237.88	-1303000.00
238.62	-1304000.00
239.39	-1305000.00
240.13	-1306000.00
240.67	-1307000.00
241.18	-1308000.00
241.63	-1309000.00
241.89	-1310000.00
242.08	-1311000.00
242.23	-1312000.00
242.21	-1313000.00
242.11	-1314000.00
241.98	-1315000.00
241.79	-1316000.00
241.53	-1317000.00
241.28	-1318000.00
241.11	-1319000.00
240.90	-1320000.00
240.80	-1321000.00
240.87	-1322000.00
241.02	-1323000.00
241.31	-1324000.00
241.85	-1325000.00
242.57	-1326000.00
243.47	-1327000.00
244.66	-1328000.00
246.01	-1329000.00
247.58	-1330000.00
249.42	-1331000.00
251.39	-1332000.00
253.55	-1333000.00
255.84	-1334000.00
258.35	-1335000.00
260.86	-1336000.00
263.43	-1337000.00
266.13	-1338000.00
268.77	-1339000.00
271.36	-1340000.00
273.98	-1341000.00
276.45	-1342000.00
278.80	-1343000.00
281.08	-1344000.00
283.16	-1345000.00
285.03	-1346000.00
286.77	-1347000.00
288.32	-1348000.00
289.66	-1349000.00
290.76	-1350000.00
291.77	-1351000.00
292.57	-1352000.00
293.18	-1353000.00
293.71	-1354000.00
294.11	-1355000.00
294.37	-1356000.00
294.64	-1357000.00
294.82	-1358000.00
294.91	-1359000.00
295.06	-1360000.00
295.19	-1361000.00
295.30	-1362000.00
295.46	-1363000.00
295.68	-1364000.00
295.95	-1365000.00
296.17	-1366000.00
296.57	-1367000.00
296.99	-1368000.00
297.41	-1369000.00
297.98	-1370000.00
298.57	-1371000.00
299.15	-1372000.00
299.86	-1373000.00
300.58	-1374000.00
301.23	-1375000.00
301.97	-1376000.00
302.72	-1377000.00
303.42	-1378000.00
304.07	-1379000.00
304.73	-1380000.00
305.38	-1381000.00
305.87	-1382000.00
306.42	-1383000.00
306.86	-1384000.00
307.23	-1385000.00
307.60	-1386000.00
307.86	-1387000.00
307.96	-1388000.00
308.05	-1389000.00
308.06	-1390000.00
307.83	-1391000.00
307.48	-1392000.00
307.06	-1393000.00
306.37	-1394000.00
305.51	-1395000.00
304.39	-1396000.00
303.10	-1397000.00
301.45	-1398000.00
299.67	-1399000.00
297.62	-1400000.00
295.19	-1401000.00
292.60	-1402000.00
289.77	-1403000.00
286.59	-1404000.00
283.17	-1405000.00
279.59	-1406000.00
275.70	-1407000.00
271.62	-1408000.00
267.35	-1409000.00
262.90	-1410000.00
258.28	-1411000.00
253.56	-1412000.00
248.82	-1413000.00
243.93	-1414000.00
239.12	-1415000.00
234.40	-1416000.00
229.64	-1417000.00
225.10	-1418000.00
220.72	-1419000.00
216.51	-1420000.00
212.55	-1421000.00
208.88	-1422000.00
205.49	-1423000.00
202.38	-1424000.00
199.68	-1425000.00
197.30	-1426000.00
195.29	-1427000.00
193.66	-1428000.00
192.46	-1429000.00
191.61	-1430000.00
191.18	-1431000.00
191.21	-1432000.00
191.57	-1433000.00
192.33	-1434000.00
193.53	-1435000.00
195.05	-1436000.00
196.93	-1437000.00
199.15	-1438000.00
201.65	-1439000.00
204.43	-1440000.00
207.44	-1441000.00
210.66	-1442000.00
214.03	-1443000.00
217.50	-1444000.00
221.14	-1445000.00
224.74	-1446000.00
228.33	-1447000.00
231.95	-1448000.00
235.47	-1449000.00
238.85	-1450000.00
242.11	-1451000.00
245.18	-1452000.00
248.00	-1453000.00
250.63	-1454000.00
252.99	-1455000.00
255.01	-1456000.00
256.79	-1457000.00
258.31	-1458000.00
259.57	-1459000.00
260.45	-1460000.00
261.21	-1461000.00
261.76	-1462000.00
262.07	-1463000.00
262.33	-1464000.00
262.50	-1465000.00
262.57	-1466000.00
262.73	-1467000.00
262.95	-1468000.00
263.23	-1469000.00
263.69	-1470000.00
264.39	-1471000.00
265.29	-1472000.00
266.44	-1473000.00
267.91	-1474000.00
269.71	-1475000.00
271.70	-1476000.00
274.14	-1477000.00
276.81	-1478000.00
279.71	-1479000.00
282.96	-1480000.00
286.37	-1481000.00
289.95	-1482000.00
293.70	-1483000.00
297.58	-1484000.00
301.44	-1485000.00
305.31	-1486000.00
309.24	-1487000.00
312.99	-1488000.00
316.61	-1489000.00
320.10	-1490000.00
323.42	-1491000.00
326.40	-1492000.00
329.21	-1493000.00
331.75	-1494000.00
333.87	-1495000.00
335.81	-1496000.00
337.39	-1497000.00
338.58	-1498000.00
339.48	-1499000.00
340.10	-1500000.00
340.27	-1501000.00
340.09	-1502000.00
339.65	-1503000.00
338.82	-1504000.00
337.63	-1505000.00
336.11	-1506000.00
334.34	-1507000.00
332.14	-1508000.00
329.78	-1509000.00
327.20	-1510000.00
324.19	-1511000.00
321.10	-1512000.00
317.82	-1513000.00
314.29	-1514000.00
310.62	-1515000.00
306.82	-1516000.00
302.93	-1517000.00
298.86	-1518000.00
294.78	-1519000.00
290.62	-1520000.00
286.39	-1521000.00
282.18	-1522000.00
278.02	-1523000.00
273.82	-1524000.00
269.74	-1525000.00
265.80	-1526000.00
261.86	-1527000.00
258.12	-1528000.00
254.57	-1529000.00
251.12	-1530000.00
247.83	-1531000.00
244.74	-1532000.00
241.81	-1533000.00
238.99	-1534000.00
236.35	-1535000.00
233.82	-1536000.00
231.36	-1537000.00
229.01	-1538000.00
226.74	-1539000.00
224.47	-1540000.00
222.22	-1541000.00
220.09	-1542000.00
217.86	-1543000.00
215.67	-1544000.00
213.50	-1545000.00
211.33	-1546000.00
209.16	-1547000.00
206.99	-1548000.00
204.86	-1549000.00
202.76	-1550000.00
200.71	-1551000.00
198.75	-1552000.00
196.84	-1553000.00
195.02	-1554000.00
193.40	-1555000.00
191.86	-1556000.00
190.48	-1557000.00
189.31	-1558000.00
188.34	-1559000.00
187.54	-1560000.00
186.95	-1561000.00
186.59	-1562000.00
186.38	-1563000.00
186.40	-1564000.00
186.60	-1565000.00
186.92	-1566000.00
187.41	-1567000.00
188.05	-1568000.00
188.85	-1569000.00
189.68	-1570000.00
190.72	-1571000.00
191.89	-1572000.00
193.13	-1573000.00
194.58	-1574000.00
196.19	-1575000.00
198.00	-1576000.00
200.04	-1577000.00
202.39	-1578000.00
205.01	-1579000.00
207.94	-1580000.00
211.33	-1581000.00
215.08	-1582000.00
219.24	-1583000.00
223.87	-1584000.00
228.92	-1585000.00
234.35	-1586000.00
240.24	-1587000.00
246.49	-1588000.00
252.96	-1589000.00
259.77	-1590000.00
266.76	-1591000.00
273.83	-1592000.00
280.98	-1593000.00
288.17	-1594000.00
295.17	-1595000.00
301.99	-1596000.00
308.69	-1597000.00
314.95	-1598000.00
320.83	-1599000.00
326.30	-1600000.00
331.31	-1601000.00
335.69	-1602000.00
339.51	-1603000.00
342.84	-1604000.00
345.39	-1605000.00
347.46	-1606000.00
348.93	-1607000.00
349.71	-1608000.00
349.98	-1609000.00
349.69	-1610000.00
348.90	-1611000.00
347.54	-1612000.00
345.82	-1613000.00
343.72	-1614000.00
341.22	-1615000.00
338.46	-1616000.00
335.54	-1617000.00
332.34	-1618000.00
329.12	-1619000.00
325.89	-1620000.00
322.55	-1621000.00
319.33	-1622000.00
316.26	-1623000.00
313.28	-1624000.00
310.41	-1625000.00
307.81	-1626000.00
305.41	-1627000.00
303.18	-1628000.00
301.20	-1629000.00
299.46	-1630000.00
297.90	-1631000.00
296.57	-1632000.00
295.45	-1633000.00
294.47	-1634000.00
293.66	-1635000.00
293.06	-1636000.00
292.47	-1637000.00
292.01	-1638000.00
291.67	-1639000.00
291.30	-1640000.00
290.93	-1641000.00
290.55	-1642000.00
290.11	-1643000.00
289.54	-1644000.00
288.83	-1645000.00
288.00	-1646000.00
286.90	-1647000.00
285.59	-1648000.00
284.08	-1649000.00
282.18	-1650000.00
280.01	-1651000.00
277.63	-1652000.00
274.82	-1653000.00
271.70	-1654000.00
268.27	-1655000.00
264.54	-1656000.00
260.47	-1657000.00
256.08	-1658000.00
251.45	-1659000.00
246.49	-1660000.00
241.32	-1661000.00
235.93	-1662000.00
230.33	-1663000.00
224.56	-1664000.00
218.75	-1665000.00
212.89	-1666000.00
206.92	-1667000.00
201.09	-1668000.00
195.32	-1669000.00
189.65	-1670000.00
184.21	-1671000.00
178.98	-1672000.00
173.99	-1673000.00
169.33	-1674000.00
165.02	-1675000.00
161.04	-1676000.00
157.45	-1677000.00
154.30	-1678000.00
151.59	-1679000.00
149.28	-1680000.00
147.49	-1681000.00
146.19	-1682000.00
145.33	-1683000.00
145.03	-1684000.00
145.23	-1685000.00
145.94	-1686000.00
147.19	-1687000.00
148.98	-1688000.00
151.32	-1689000.00
154.15	-1690000.00
157.60	-1691000.00
161.53	-1692000.00
165.98	-1693000.00
170.97	-1694000.00
176.44	-1695000.00
182.36	-1696000.00
188.70	-1697000.00
195.47	-1698000.00
202.50	-1699000.00
209.84	-1700000.00
217.45	-1701000.00
225.13	-1702000.00
232.95	-1703000.00
240.79	-1704000.00
248.51	-1705000.00
256.12	-1706000.00
263.53	-1707000.00
270.66	-1708000.00
277.35	-1709000.00
283.68	-1710000.00
289.61	-1711000.00
294.92	-1712000.00
299.68	-1713000.00
303.95	-1714000.00
307.54	-1715000.00
310.59	-1716000.00
313.04	-1717000.00
314.91	-1718000.00
316.19	-1719000.00
316.99	-1720000.00
317.35	-1721000.00
317.20	-1722000.00
316.74	-1723000.00
316.03	-1724000.00
315.10	-1725000.00
313.99	-1726000.00
312.93	-1727000.00
311.86	-1728000.00
310.95	-1729000.00
310.30	-1730000.00
309.86	-1731000.00
309.77	-1732000.00
310.14	-1733000.00
310.85	-1734000.00
311.94	-1735000.00
313.50	-1736000.00
315.48	-1737000.00
317.75	-1738000.00
320.33	-1739000.00
323.22	-1740000.00
326.25	-1741000.00
329.38	-1742000.00
332.64	-1743000.00
335.80	-1744000.00
338.85	-1745000.00
341.89	-1746000.00
344.55	-1747000.00
346.99	-1748000.00
349.12	-1749000.00
350.83	-1750000.00
352.10	-1751000.00
352.86	-1752000.00
353.24	-1753000.00
352.96	-1754000.00
352.14	-1755000.00
350.79	-1756000.00
348.77	-1757000.00
346.18	-1758000.00
343.07	-1759000.00
339.32	-1760000.00
334.95	-1761000.00
330.21	-1762000.00
324.91	-1763000.00
319.09	-1764000.00
312.92	-1765000.00
306.40	-1766000.00
299.48	-1767000.00
292.29	-1768000.00
284.92	-1769000.00
277.28	-1770000.00
269.52	-1771000.00
261.72	-1772000.00
253.88	-1773000.00
246.02	-1774000.00
238.31	-1775000.00
230.78	-1776000.00
223.32	-1777000.00
216.24	-1778000.00
209.42	-1779000.00
202.91	-1780000.00
196.84	-1781000.00
191.15	-1782000.00
185.91	-1783000.00
181.10	-1784000.00
176.81	-1785000.00
172.96	-1786000.00
169.55	-1787000.00
166.67	-1788000.00
164.21	-1789000.00
162.16	-1790000.00
160.58	-1791000.00
159.38	-1792000.00
158.53	-1793000.00
158.09	-1794000.00
157.99	-1795000.00
158.20	-1796000.00
158.75	-1797000.00
159.65	-1798000.00
160.85	-1799000.00
162.33	-1800000.00
164.17	-1801000.00
166.27	-1802000.00
168.65	-1803000.00
171.35	-1804000.00
174.29	-1805000.00
177.45	-1806000.00
180.84	-1807000.00
184.49	-1808000.00
188.22	-1809000.00
192.14	-1810000.00
196.16	-1811000.00
200.21	-1812000.00
204.35	-1813000.00
208.43	-1814000.00
212.49	-1815000.00
216.43	-1816000.00
220.26	-1817000.00
223.97	-1818000.00
227.37	-1819000.00
230.59	-1820000.00
233.61	-1821000.00
236.31	-1822000.00
238.71	-1823000.00
240.88	-1824000.00
242.73	-1825000.00
244.34	-1826000.00
245.72	-1827000.00
246.87	-1828000.00
247.77	-1829000.00
248.58	-1830000.00
249.34	-1831000.00
249.99	-1832000.00
250.67	-1833000.00
251.52	-1834000.00
252.57	-1835000.00
253.81	-1836000.00
255.49	-1837000.00
257.59	-1838000.00
260.15	-1839000.00
263.38	-1840000.00
267.09	-1841000.00
271.46	-1842000.00
276.49	-1843000.00
282.07	-1844000.00
288.18	-1845000.00
294.75	-1846000.00
301.84	-1847000.00
309.18	-1848000.00
316.71	-1849000.00
324.52	-1850000.00
332.23	-1851000.00
339.89	-1852000.00
347.49	-1853000.00
354.69	-1854000.00
361.51	-1855000.00
368.00	-1856000.00
373.84	-1857000.00
379.04	-1858000.00
383.58	-1859000.00
387.41	-1860000.00
390.40	-1861000.00
392.48	-1862000.00
393.85	-1863000.00
394.18	-1864000.00
393.60	-1865000.00
392.24	-1866000.00
389.87	-1867000.00
386.67	-1868000.00
382.66	-1869000.00
377.92	-1870000.00
372.29	-1871000.00
366.24	-1872000.00
359.57	-1873000.00
352.27	-1874000.00
344.70	-1875000.00
336.73	-1876000.00
328.54	-1877000.00
320.12	-1878000.00
311.67	-1879000.00
303.21	-1880000.00
294.69	-1881000.00
286.45	-1882000.00
278.37	-1883000.00
270.48	-1884000.00
263.04	-1885000.00
255.99	-1886000.00
249.31	-1887000.00
243.21	-1888000.00
237.61	-1889000.00
232.52	-1890000.00
228.00	-1891000.00
223.99	-1892000.00
220.51	-1893000.00
217.45	-1894000.00
214.84	-1895000.00
212.58	-1896000.00
210.54	-1897000.00
208.87	-1898000.00
207.27	-1899000.00
205.80	-1900000.00
204.47	-1901000.00
203.15	-1902000.00
201.84	-1903000.00
200.54	-1904000.00
199.28	-1905000.00
197.96	-1906000.00
196.65	-1907000.00
195.39	-1908000.00
194.12	-1909000.00
192.91	-1910000.00
191.77	-1911000.00
190.72	-1912000.00
189.72	-1913000.00
188.88	-1914000.00
188.20	-1915000.00
187.56	-1916000.00
187.13	-1917000.00
186.89	-1918000.00
186.75	-1919000.00
186.79	-1920000.00
186.95	-1921000.00
187.28	-1922000.00
187.75	-1923000.00
188.28	-1924000.00
188.96	-1925000.00
189.61	-1926000.00
190.35	-1927000.00
191.13	-1928000.00
191.80	-1929000.00
192.49	-1930000.00
193.15	-1931000.00
193.77	-1932000.00
194.25	-1933000.00
194.75	-1934000.00
195.17	-1935000.00
195.59	-1936000.00
196.05	-1937000.00
196.56	-1938000.00
197.15	-1939000.00
197.94	-1940000.00
199.01	-1941000.00
200.34	-1942000.00
202.01	-1943000.00
204.27	-1944000.00
207.00	-1945000.00
210.29	-1946000.00
214.27	-1947000.00
218.87	-1948000.00
224.12	-1949000.00
230.09	-1950000.00
236.60	-1951000.00
243.69	-1952000.00
251.30	-1953000.00
259.32	-1954000.00
267.71	-1955000.00
276.27	-1956000.00
285.13	-1957000.00
293.93	-1958000.00
302.65	-1959000.00
311.40	-1960000.00
319.66	-1961000.00
327.66	-1962000.00
335.24	-1963000.00
342.21	-1964000.00
348.50	-1965000.00
354.19	-1966000.00
359.18	-1967000.00
363.23	-1968000.00
366.54	-1969000.00
369.04	-1970000.00
370.61	-1971000.00
371.29	-1972000.00
371.17	-1973000.00
370.23	-1974000.00
368.35	-1975000.00
365.83	-1976000.00
362.57	-1977000.00
358.53	-1978000.00
354.02	-1979000.00
348.99	-1980000.00
343.43	-1981000.00
337.68	-1982000.00
331.64	-1983000.00
325.43	-1984000.00
319.20	-1985000.00
313.00	-1986000.00
306.99	-1987000.00
301.09	-1988000.00
295.58	-1989000.00
290.46	-1990000.00
285.67	-1991000.00
281.53	-1992000.00
277.84	-1993000.00
274.70	-1994000.00
272.24	-1995000.00
270.34	-1996000.00
269.00	-1997000.00
268.22	-1998000.00
267.98	-1999000.00
268.14	-2000000.00
268.63	-2001000.00
269.50	-2002000.00
270.53	-2003000.00
271.66	-2004000.00
272.89	-2005000.00
274.06	-2006000.00
275.06	-2007000.00
275.98	-2008000.00
276.55	-2009000.00
276.81	-2010000.00
276.77	-2011000.00
276.32	-2012000.00
275.36	-2013000.00
273.97	-2014000.00
272.15	-2015000.00
269.80	-2016000.00
266.97	-2017000.00
263.72	-2018000.00
260.00	-2019000.00
255.85	-2020000.00
251.32	-2021000.00
246.46	-2022000.00
241.15	-2023000.00
235.68	-2024000.00
229.98	-2025000.00
224.00	-2026000.00
217.95	-2027000.00
211.86	-2028000.00
205.77	-2029000.00
199.71	-2030000.00
193.78	-2031000.00
188.09	-2032000.00
182.61	-2033000.00
177.45	-2034000.00
172.66	-2035000.00
168.16	-2036000.00
164.14	-2037000.00
160.58	-2038000.00
157.41	-2039000.00
154.73	-2040000.00
152.54	-2041000.00
150.84	-2042000.00
149.58	-2043000.00
148.86	-2044000.00
148.62	-2045000.00
148.88	-2046000.00
149.71	-2047000.00
151.06	-2048000.00
152.97	-2049000.00
155.46	-2050000.00
158.61	-2051000.00
162.33	-2052000.00
166.64	-2053000.00
171.71	-2054000.00
177.31	-2055000.00
183.56	-2056000.00
190.42	-2057000.00
197.78	-2058000.00
205.68	-2059000.00
214.02	-2060000.00
222.72	-2061000.00
231.69	-2062000.00
240.86	-2063000.00
250.21	-2064000.00
259.50	-2065000.00
268.67	-2066000.00
277.73	-2067000.00
286.42	-2068000.00
294.66	-2069000.00
302.52	-2070000.00
309.61	-2071000.00
316.06	-2072000.00
321.79	-2073000.00
326.69	-2074000.00
330.64	-2075000.00
333.74	-2076000.00
335.96	-2077000.00
337.15	-2078000.00
337.52	-2079000.00
337.02	-2080000.00
335.65	-2081000.00
333.46	-2082000.00
330.61	-2083000.00
327.18	-2084000.00
323.00	-2085000.00
318.50	-2086000.00
313.65	-2087000.00
308.45	-2088000.00
303.19	-2089000.00
297.88	-2090000.00
292.67	-2091000.00
287.68	-2092000.00
283.00	-2093000.00
278.75	-2094000.00
274.95	-2095000.00
271.81	-2096000.00
269.33	-2097000.00
267.43	-2098000.00
266.33	-2099000.00
265.96	-2100000.00
266.19	-2101000.00
267.19	-2102000.00
268.69	-2103000.00
270.73	-2104000.00
273.22	-2105000.00
276.07	-2106000.00
279.13	-2107000.00
282.36	-2108000.00
285.74	-2109000.00
289.07	-2110000.00
292.26	-2111000.00
295.37	-2112000.00
298.25	-2113000.00
300.80	-2114000.00
303.01	-2115000.00
304.88	-2116000.00
306.22	-2117000.00
307.18	-2118000.00
307.62	-2119000.00
307.44	-2120000.00
306.80	-2121000.00
305.63	-2122000.00
303.85	-2123000.00
301.51	-2124000.00
298.69	-2125000.00
295.38	-2126000.00
291.52	-2127000.00
287.24	-2128000.00
282.59	-2129000.00
277.46	-2130000.00
272.05	-2131000.00
266.42	-2132000.00
260.36	-2133000.00
254.24	-2134000.00
247.97	-2135000.00
241.60	-2136000.00
235.18	-2137000.00
228.84	-2138000.00
222.66	-2139000.00
216.56	-2140000.00
210.76	-2141000.00
205.27	-2142000.00
200.09	-2143000.00
195.38	-2144000.00
191.10	-2145000.00
187.30	-2146000.00
184.02	-2147000.00
181.32	-2148000.00
179.10	-2149000.00
177.40	-2150000.00
176.28	-2151000.00
175.59	-2152000.00
175.37	-2153000.00
175.59	-2154000.00
176.18	-2155000.00
177.12	-2156000.00
178.42	-2157000.00
180.03	-2158000.00
181.88	-2159000.00
184.02	-2160000.00
186.46	-2161000.00
189.10	-2162000.00
191.94	-2163000.00
195.12	-2164000.00
198.39	-2165000.00
201.90	-2166000.00
205.60	-2167000.00
209.38	-2168000.00
213.32	-2169000.00
217.30	-2170000.00
221.39	-2171000.00
225.42	-2172000.00
229.41	-2173000.00
233.42	-2174000.00
237.18	-2175000.00
240.84	-2176000.00
244.28	-2177000.00
247.46	-2178000.00
250.30	-2179000.00
252.85	-2180000.00
255.03	-2181000.00
256.70	-2182000.00
258.03	-2183000.00
258.91	-2184000.00
259.28	-2185000.00
259.25	-2186000.00
258.76	-2187000.00
257.85	-2188000.00
256.58	-2189000.00
254.97	-2190000.00
253.11	-2191000.00
250.89	-2192000.00
248.63	-2193000.00
246.32	-2194000.00
243.91	-2195000.00
241.69	-2196000.00
239.68	-2197000.00
237.99	-2198000.00
236.72	-2199000.00
235.97	-2200000.00
235.85	-2201000.00
236.39	-2202000.00
237.72	-2203000.00
239.79	-2204000.00
242.54	-2205000.00
246.13	-2206000.00
250.30	-2207000.00
255.01	-2208000.00
260.23	-2209000.00
265.83	-2210000.00
271.62	-2211000.00
277.59	-2212000.00
283.52	-2213000.00
289.32	-2214000.00
294.93	-2215000.00
300.25	-2216000.00
305.02	-2217000.00
309.29	-2218000.00
313.06	-2219000.00
316.12	-2220000.00
318.41	-2221000.00
319.99	-2222000.00
320.90	-2223000.00
320.93	-2224000.00
320.20	-2225000.00
318.83	-2226000.00
316.53	-2227000.00
313.68	-2228000.00
310.15	-2229000.00
305.93	-2230000.00
301.23	-2231000.00
296.01	-2232000.00
290.45	-2233000.00
284.43	-2234000.00
278.22	-2235000.00
271.90	-2236000.00
265.35	-2237000.00
258.89	-2238000.00
252.46	-2239000.00
246.15	-2240000.00
240.06	-2241000.00
234.30	-2242000.00
228.78	-2243000.00
223.70	-2244000.00
219.13	-2245000.00
215.02	-2246000.00
211.44	-2247000.00
208.51	-2248000.00
206.19	-2249000.00
204.44	-2250000.00
203.37	-2251000.00
202.93	-2252000.00
203.00	-2253000.00
203.69	-2254000.00
204.87	-2255000.00
206.50	-2256000.00
208.53	-2257000.00
210.96	-2258000.00
213.63	-2259000.00
216.55	-2260000.00
219.76	-2261000.00
222.99	-2262000.00
226.37	-2263000.00
229.81	-2264000.00
233.19	-2265000.00
236.54	-2266000.00
239.76	-2267000.00
242.93	-2268000.00
245.76	-2269000.00
248.45	-2270000.00
250.94	-2271000.00
253.00	-2272000.00
254.78	-2273000.00
256.24	-2274000.00
257.23	-2275000.00
257.81	-2276000.00
257.99	-2277000.00
257.72	-2278000.00
256.92	-2279000.00
255.68	-2280000.00
254.05	-2281000.00
251.89	-2282000.00
249.33	-2283000.00
246.43	-2284000.00
243.14	-2285000.00
239.54	-2286000.00
235.68	-2287000.00
231.62	-2288000.00
227.29	-2289000.00
222.94	-2290000.00
218.52	-2291000.00
214.04	-2292000.00
209.67	-2293000.00
205.39	-2294000.00
201.32	-2295000.00
197.48	-2296000.00
193.95	-2297000.00
190.82	-2298000.00
188.10	-2299000.00
185.95	-2300000.00
184.31	-2301000.00
183.24	-2302000.00
182.91	-2303000.00
183.24	-2304000.00
184.21	-2305000.00
185.93	-2306000.00
188.32	-2307000.00
191.36	-2308000.00
195.02	-2309000.00
199.23	-2310000.00
203.96	-2311000.00
209.10	-2312000.00
214.69	-2313000.00
220.53	-2314000.00
226.54	-2315000.00
232.81	-2316000.00
239.08	-2317000.00
245.31	-2318000.00
251.43	-2319000.00
257.43	-2320000.00
263.08	-2321000.00
268.41	-2322000.00
273.32	-2323000.00
277.61	-2324000.00
281.43	-2325000.00
284.60	-2326000.00
287.03	-2327000.00
288.75	-2328000.00
289.74	-2329000.00
290.10	-2330000.00
289.50	-2331000.00
288.30	-2332000.00
286.43	-2333000.00
283.80	-2334000.00
280.63	-2335000.00
276.95	-2336000.00
272.66	-2337000.00
268.03	-2338000.00
263.11	-2339000.00
257.95	-2340000.00
252.60	-2341000.00
247.29	-2342000.00
242.10	-2343000.00
237.03	-2344000.00
232.31	-2345000.00
228.05	-2346000.00
224.23	-2347000.00
221.11	-2348000.00
218.67	-2349000.00
217.00	-2350000.00
216.15	-2351000.00
216.16	-2352000.00
216.94	-2353000.00
218.48	-2354000.00
220.79	-2355000.00
223.61	-2356000.00
226.96	-2357000.00
230.77	-2358000.00
234.83	-2359000.00
239.09	-2360000.00
243.48	-2361000.00
247.94	-2362000.00
252.26	-2363000.00
256.51	-2364000.00
260.62	-2365000.00
264.40	-2366000.00
267.91	-2367000.00
271.14	-2368000.00
273.89	-2369000.00
276.28	-2370000.00
278.28	-2371000.00
279.74	-2372000.00
280.74	-2373000.00
281.26	-2374000.00
281.33	-2375000.00
280.87	-2376000.00
279.92	-2377000.00
278.62	-2378000.00
276.75	-2379000.00
274.58	-2380000.00
272.05	-2381000.00
269.07	-2382000.00
265.85	-2383000.00
262.37	-2384000.00
258.64	-2385000.00
254.61	-2386000.00
250.49	-2387000.00
246.25	-2388000.00
241.84	-2389000.00
237.39	-2390000.00
232.97	-2391000.00
228.58	-2392000.00
224.22	-2393000.00
220.06	-2394000.00
216.06	-2395000.00
212.27	-2396000.00
208.84	-2397000.00
205.75	-2398000.00
202.99	-2399000.00
200.79	-2400000.00
199.07	-2401000.00
197.90	-2402000.00
197.33	-2403000.00
197.40	-2404000.00
198.14	-2405000.00
199.50	-2406000.00
201.51	-2407000.00
204.12	-2408000.00
207.27	-2409000.00
211.02	-2410000.00
215.11	-2411000.00
219.57	-2412000.00
224.46	-2413000.00
229.46	-2414000.00
234.62	-2415000.00
239.82	-2416000.00
245.05	-2417000.00
250.12	-2418000.00
254.98	-2419000.00
259.57	-2420000.00
263.74	-2421000.00
267.47	-2422000.00
270.76	-2423000.00
273.40	-2424000.00
275.37	-2425000.00
276.76	-2426000.00
277.50	-2427000.00
277.44	-2428000.00
276.71	-2429000.00
275.34	-2430000.00
273.19	-2431000.00
270.46	-2432000.00
267.12	-2433000.00
263.11	-2434000.00
258.66	-2435000.00
253.71	-2436000.00
248.41	-2437000.00
242.74	-2438000.00
236.84	-2439000.00
230.90	-2440000.00
224.74	-2441000.00
218.76	-2442000.00
212.87	-2443000.00
207.13	-2444000.00
201.77	-2445000.00
196.77	-2446000.00
192.21	-2447000.00
188.18	-2448000.00
184.82	-2449000.00
182.12	-2450000.00
180.14	-2451000.00
179.02	-2452000.00
178.74	-2453000.00
179.28	-2454000.00
180.71	-2455000.00
182.91	-2456000.00
185.84	-2457000.00
189.49	-2458000.00
193.76	-2459000.00
198.49	-2460000.00
203.71	-2461000.00
209.33	-2462000.00
215.20	-2463000.00
221.29	-2464000.00
227.57	-2465000.00
233.81	-2466000.00
240.05	-2467000.00
246.24	-2468000.00
252.16	-2469000.00
257.81	-2470000.00
263.12	-2471000.00
268.13	-2472000.00
272.53	-2473000.00
276.43	-2474000.00
279.88	-2475000.00
282.60	-2476000.00
284.80	-2477000.00
286.37	-2478000.00
287.25	-2479000.00
287.51	-2480000.00
287.14	-2481000.00
286.21	-2482000.00
284.55	-2483000.00
282.39	-2484000.00
279.76	-2485000.00
276.62	-2486000.00
273.03	-2487000.00
269.17	-2488000.00
265.00	-2489000.00
260.66	-2490000.00
256.24	-2491000.00
251.75	-2492000.00
247.27	-2493000.00
243.01	-2494000.00
238.94	-2495000.00
235.06	-2496000.00
231.63	-2497000.00
228.59	-2498000.00
226.03	-2499000.00
224.00	-2500000.00
222.57	-2501000.00
221.78	-2502000.00
221.56	-2503000.00
222.06	-2504000.00
223.15	-2505000.00
224.82	-2506000.00
227.18	-2507000.00
229.97	-2508000.00
233.24	-2509000.00
237.00	-2510000.00
241.06	-2511000.00
245.44	-2512000.00
250.02	-2513000.00
254.82	-2514000.00
259.70	-2515000.00
264.57	-2516000.00
269.48	-2517000.00
274.20	-2518000.00
278.76	-2519000.00
283.21	-2520000.00
287.23	-2521000.00
290.92	-2522000.00
294.31	-2523000.00
297.20	-2524000.00
299.58	-2525000.00
301.43	-2526000.00
302.82	-2527000.00
303.48	-2528000.00
303.59	-2529000.00
303.09	-2530000.00
301.82	-2531000.00
299.95	-2532000.00
297.42	-2533000.00
294.33	-2534000.00
290.44	-2535000.00
286.11	-2536000.00
281.33	-2537000.00
275.86	-2538000.00
270.15	-2539000.00
264.03	-2540000.00
257.65	-2541000.00
251.10	-2542000.00
244.42	-2543000.00
237.74	-2544000.00
231.07	-2545000.00
224.63	-2546000.00
218.45	-2547000.00
212.58	-2548000.00
207.24	-2549000.00
202.50	-2550000.00
198.38	-2551000.00
195.12	-2552000.00
192.71	-2553000.00
191.15	-2554000.00
190.63	-2555000.00
191.00	-2556000.00
192.22	-2557000.00
194.19	-2558000.00
196.87	-2559000.00
200.11	-2560000.00
203.71	-2561000.00
207.73	-2562000.00
211.87	-2563000.00
216.12	-2564000.00
220.44	-2565000.00
224.60	-2566000.00
228.62	-2567000.00
232.40	-2568000.00
235.96	-2569000.00
239.06	-2570000.00
241.82	-2571000.00
244.19	-2572000.00
246.04	-2573000.00
247.50	-2574000.00
248.45	-2575000.00
248.90	-2576000.00
248.90	-2577000.00
248.45	-2578000.00
247.59	-2579000.00
246.14	-2580000.00
244.40	-2581000.00
242.35	-2582000.00
239.86	-2583000.00
237.12	-2584000.00
234.20	-2585000.00
231.03	-2586000.00
227.80	-2587000.00
224.46	-2588000.00
221.11	-2589000.00
217.68	-2590000.00
214.39	-2591000.00
211.19	-2592000.00
208.07	-2593000.00
205.16	-2594000.00
202.50	-2595000.00
200.14	-2596000.00
198.02	-2597000.00
196.36	-2598000.00
195.13	-2599000.00
194.38	-2600000.00
194.28	-2601000.00
194.73	-2602000.00
195.88	-2603000.00
197.80	-2604000.00
200.41	-2605000.00
203.77	-2606000.00
207.88	-2607000.00
212.72	-2608000.00
218.21	-2609000.00
224.29	-2610000.00
230.99	-2611000.00
238.11	-2612000.00
245.62	-2613000.00
253.57	-2614000.00
261.64	-2615000.00
269.84	-2616000.00
278.25	-2617000.00
286.46	-2618000.00
294.62	-2619000.00
302.55	-2620000.00
310.22	-2621000.00
317.47	-2622000.00
324.17	-2623000.00
330.51	-2624000.00
336.04	-2625000.00
340.89	-2626000.00
345.06	-2627000.00
348.31	-2628000.00
350.72	-2629000.00
352.26	-2630000.00
352.92	-2631000.00
352.52	-2632000.00
351.38	-2633000.00
349.33	-2634000.00
346.31	-2635000.00
342.63	-2636000.00
338.13	-2637000.00
332.91	-2638000.00
327.06	-2639000.00
320.69	-2640000.00
313.84	-2641000.00
306.50	-2642000.00
298.98	-2643000.00
291.29	-2644000.00
283.35	-2645000.00
275.58	-2646000.00
267.94	-2647000.00
260.41	-2648000.00
253.37	-2649000.00
246.73	-2650000.00
240.65	-2651000.00
235.22	-2652000.00
230.56	-2653000.00
226.75	-2654000.00
223.77	-2655000.00
221.81	-2656000.00
220.77	-2657000.00
220.61	-2658000.00
221.42	-2659000.00
222.92	-2660000.00
225.13	-2661000.00
227.98	-2662000.00
231.24	-2663000.00
234.84	-2664000.00
238.75	-2665000.00
242.84	-2666000.00
246.91	-2667000.00
250.94	-2668000.00
254.93	-2669000.00
258.67	-2670000.00
262.10	-2671000.00
265.24	-2672000.00
267.92	-2673000.00
270.11	-2674000.00
271.85	-2675000.00
273.00	-2676000.00
273.49	-2677000.00
273.37	-2678000.00
272.75	-2679000.00
271.33	-2680000.00
269.37	-2681000.00
266.77	-2682000.00
263.61	-2683000.00
259.95	-2684000.00
255.74	-2685000.00
251.13	-2686000.00
246.08	-2687000.00
240.72	-2688000.00
235.17	-2689000.00
229.26	-2690000.00
223.34	-2691000.00
217.36	-2692000.00
211.43	-2693000.00
205.56	-2694000.00
199.92	-2695000.00
194.51	-2696000.00
189.45	-2697000.00
184.81	-2698000.00
180.62	-2699000.00
176.90	-2700000.00
173.84	-2701000.00
171.39	-2702000.00
169.57	-2703000.00
168.46	-2704000.00
168.10	-2705000.00
168.45	-2706000.00
169.47	-2707000.00
171.22	-2708000.00
173.62	-2709000.00
176.61	-2710000.00
180.27	-2711000.00
184.38	-2712000.00
189.03	-2713000.00
194.18	-2714000.00
199.71	-2715000.00
205.66	-2716000.00
211.91	-2717000.00
218.52	-2718000.00
225.32	-2719000.00
232.27	-2720000.00
239.48	-2721000.00
246.57	-2722000.00
253.73	-2723000.00
260.87	-2724000.00
267.75	-2725000.00
274.42	-2726000.00
280.89	-2727000.00
287.01	-2728000.00
292.66	-2729000.00
297.92	-2730000.00
302.75	-2731000.00
306.95	-2732000.00
310.59	-2733000.00
313.73	-2734000.00
316.15	-2735000.00
317.87	-2736000.00
319.02	-2737000.00
319.49	-2738000.00
319.20	-2739000.00
318.30	-2740000.00
316.84	-2741000.00
314.61	-2742000.00
312.00	-2743000.00
308.85	-2744000.00
305.20	-2745000.00
301.26	-2746000.00
297.00	-2747000.00
292.61	-2748000.00
288.01	-2749000.00
283.47	-2750000.00
279.07	-2751000.00
274.75	-2752000.00
270.88	-2753000.00
267.36	-2754000.00
264.34	-2755000.00
262.04	-2756000.00
260.42	-2757000.00
259.57	-2758000.00
259.59	-2759000.00
260.52	-2760000.00
262.26	-2761000.00
264.80	-2762000.00
268.18	-2763000.00
272.20	-2764000.00
276.74	-2765000.00
281.82	-2766000.00
287.23	-2767000.00
292.82	-2768000.00
298.64	-2769000.00
304.30	-2770000.00
309.86	-2771000.00
315.23	-2772000.00
320.21	-2773000.00
324.65	-2774000.00
328.56	-2775000.00
331.90	-2776000.00
334.39	-2777000.00
336.13	-2778000.00
337.06	-2779000.00
337.08	-2780000.00
336.23	-2781000.00
334.46	-2782000.00
331.82	-2783000.00
328.17	-2784000.00
323.77	-2785000.00
318.60	-2786000.00
312.46	-2787000.00
305.73	-2788000.00
298.43	-2789000.00
290.54	-2790000.00
282.23	-2791000.00
273.56	-2792000.00
264.72	-2793000.00
255.73	-2794000.00
246.72	-2795000.00
237.87	-2796000.00
229.10	-2797000.00
220.73	-2798000.00
212.75	-2799000.00
205.16	-2800000.00
198.19	-2801000.00
191.83	-2802000.00
186.16	-2803000.00
181.16	-2804000.00
176.96	-2805000.00
173.51	-2806000.00
170.81	-2807000.00
168.90	-2808000.00
167.67	-2809000.00
167.08	-2810000.00
167.16	-2811000.00
167.77	-2812000.00
168.88	-2813000.00
170.44	-2814000.00
172.50	-2815000.00
174.88	-2816000.00
177.64	-2817000.00
180.77	-2818000.00
184.15	-2819000.00
187.83	-2820000.00
191.81	-2821000.00
195.95	-2822000.00
200.31	-2823000.00
204.84	-2824000.00
209.51	-2825000.00
214.25	-2826000.00
218.99	-2827000.00
223.82	-2828000.00
228.50	-2829000.00
233.08	-2830000.00
237.60	-2831000.00
241.75	-2832000.00
245.71	-2833000.00
249.38	-2834000.00
252.70	-2835000.00
255.58	-2836000.00
258.10	-2837000.00
260.24	-2838000.00
261.82	-2839000.00
263.10	-2840000.00
263.93	-2841000.00
264.28	-2842000.00
264.21	-2843000.00
263.78	-2844000.00
263.00	-2845000.00
261.72	-2846000.00
260.22	-2847000.00
258.45	-2848000.00
256.35	-2849000.00
254.15	-2850000.00
251.83	-2851000.00
249.41	-2852000.00
247.08	-2853000.00
244.84	-2854000.00
242.80	-2855000.00
240.99	-2856000.00
239.62	-2857000.00
238.71	-2858000.00
238.27	-2859000.00
238.49	-2860000.00
239.41	-2861000.00
240.97	-2862000.00
243.37	-2863000.00
246.44	-2864000.00
250.26	-2865000.00
254.83	-2866000.00
260.02	-2867000.00
265.77	-2868000.00
272.00	-2869000.00
278.75	-2870000.00
285.75	-2871000.00
292.95	-2872000.00
300.39	-2873000.00
307.85	-2874000.00
315.24	-2875000.00
322.52	-2876000.00
329.60	-2877000.00
336.28	-2878000.00
342.63	-2879000.00
348.48	-2880000.00
353.66	-2881000.00
358.24	-2882000.00
362.17	-2883000.00
365.15	-2884000.00
367.38	-2885000.00
368.72	-2886000.00
369.17	-2887000.00
368.69	-2888000.00
367.26	-2889000.00
365.01	-2890000.00
361.75	-2891000.00
357.69	-2892000.00
352.89	-2893000.00
347.10	-2894000.00
340.81	-2895000.00
333.89	-2896000.00
326.37	-2897000.00
318.42	-2898000.00
310.23	-2899000.00
301.85	-2900000.00
293.29	-2901000.00
284.87	-2902000.00
276.64	-2903000.00
268.67	-2904000.00
261.20	-2905000.00
254.30	-2906000.00
248.00	-2907000.00
242.53	-2908000.00
237.95	-2909000.00
234.20	-2910000.00
231.41	-2911000.00
229.52	-2912000.00
228.45	-2913000.00
228.06	-2914000.00
228.33	-2915000.00
229.04	-2916000.00
230.07	-2917000.00
231.37	-2918000.00
232.70	-2919000.00
234.00	-2920000.00
235.22	-2921000.00
236.21	-2922000.00
236.92	-2923000.00
237.28	-2924000.00
237.39	-2925000.00
237.00	-2926000.00
236.25	-2927000.00
235.19	-2928000.00
233.65	-2929000.00
231.85	-2930000.00
229.71	-2931000.00
227.33	-2932000.00
224.71	-2933000.00
221.92	-2934000.00
219.12	-2935000.00
216.14	-2936000.00
213.24	-2937000.00
210.44	-2938000.00
207.68	-2939000.00
205.11	-2940000.00
202.79	-2941000.00
200.63	-2942000.00
198.71	-2943000.00
197.10	-2944000.00
195.78	-2945000.00
194.67	-2946000.00
193.87	-2947000.00
193.31	-2948000.00
192.94	-2949000.00
192.83	-2950000.00
192.88	-2951000.00
193.06	-2952000.00
193.33	-2953000.00
193.71	-2954000.00
194.20	-2955000.00
194.62	-2956000.00
195.18	-2957000.00
195.78	-2958000.00
196.43	-2959000.00
197.19	-2960000.00
198.11	-2961000.00
199.22	-2962000.00
200.61	-2963000.00
202.37	-2964000.00
204.54	-2965000.00
207.14	-2966000.00
210.36	-2967000.00
214.15	-2968000.00
218.50	-2969000.00
223.50	-2970000.00
229.13	-2971000.00
235.28	-2972000.00
242.00	-2973000.00
249.15	-2974000.00
256.66	-2975000.00
264.50	-2976000.00
272.60	-2977000.00
280.72	-2978000.00
288.89	-2979000.00
297.09	-2980000.00
305.06	-2981000.00
312.78	-2982000.00
320.23	-2983000.00
327.32	-2984000.00
333.89	-2985000.00
339.89	-2986000.00
345.46	-2987000.00
350.17	-2988000.00
354.30	-2989000.00
357.69	-2990000.00
360.19	-2991000.00
361.93	-2992000.00
362.90	-2993000.00
363.02	-2994000.00
362.29	-2995000.00
360.80	-2996000.00
358.63	-2997000.00
355.62	-2998000.00
352.01	-2999000.00
347.82	-3000000.00
343.00	-3001000.00
337.75	-3002000.00
332.17	-3003000.00
326.11	-3004000.00
319.89	-3005000.00
313.57	-3006000.00
307.15	-3007000.00
300.76	-3008000.00
294.62	-3009000.00
288.78	-3010000.00
283.22	-3011000.00
278.29	-3012000.00
273.96	-3013000.00
270.29	-3014000.00
267.50	-3015000.00
265.55	-3016000.00
264.52	-3017000.00
264.37	-3018000.00
265.20	-3019000.00
266.76	-3020000.00
269.05	-3021000.00
272.08	-3022000.00
275.54	-3023000.00
279.43	-3024000.00
283.65	-3025000.00
287.95	-3026000.00
292.29	-3027000.00
296.58	-3028000.00
300.64	-3029000.00
304.32	-3030000.00
307.61	-3031000.00
310.44	-3032000.00
312.56	-3033000.00
313.99	-3034000.00
314.83	-3035000.00
314.69	-3036000.00
313.79	-3037000.00
312.13	-3038000.00
309.50	-3039000.00
306.08	-3040000.00
301.80	-3041000.00
296.83	-3042000.00
291.04	-3043000.00
284.56	-3044000.00
277.61	-3045000.00
269.99	-3046000.00
262.05	-3047000.00
253.75	-3048000.00
245.17	-3049000.00
236.44	-3050000.00
227.69	-3051000.00
218.98	-3052000.00
210.32	-3053000.00
201.96	-3054000.00
193.92	-3055000.00
186.21	-3056000.00
179.00	-3057000.00
172.28	-3058000.00
166.13	-3059000.00
160.61	-3060000.00
155.71	-3061000.00
151.48	-3062000.00
147.86	-3063000.00
144.98	-3064000.00
142.77	-3065000.00
141.17	-3066000.00
140.26	-3067000.00
140.01	-3068000.00
140.38	-3069000.00
141.40	-3070000.00
143.03	-3071000.00
145.27	-3072000.00
148.14	-3073000.00
151.65	-3074000.00
155.75	-3075000.00
160.44	-3076000.00
165.79	-3077000.00
171.71	-3078000.00
178.18	-3079000.00
185.16	-3080000.00
192.74	-3081000.00
200.69	-3082000.00
209.08	-3083000.00
217.79	-3084000.00
226.71	-3085000.00
235.83	-3086000.00
245.10	-3087000.00
254.27	-3088000.00
263.38	-3089000.00
272.38	-3090000.00
281.12	-3091000.00
289.48	-3092000.00
297.46	-3093000.00
305.05	-3094000.00
312.02	-3095000.00
318.39	-3096000.00
324.26	-3097000.00
329.23	-3098000.00
333.54	-3099000.00
337.14	-3100000.00
339.85	-3101000.00
341.78	-3102000.00
342.90	-3103000.00
343.32	-3104000.00
342.82	-3105000.00
341.70	-3106000.00
339.97	-3107000.00
337.49	-3108000.00
334.57	-3109000.00
331.18	-3110000.00
327.44	-3111000.00
323.33	-3112000.00
319.14	-3113000.00
314.76	-3114000.00
310.37	-3115000.00
306.19	-3116000.00
302.14	-3117000.00
298.37	-3118000.00
295.12	-3119000.00
292.34	-3120000.00
290.11	-3121000.00
288.59	-3122000.00
287.85	-3123000.00
287.79	-3124000.00
288.54	-3125000.00
290.09	-3126000.00
292.33	-3127000.00
295.19	-3128000.00
298.75	-3129000.00
302.71	-3130000.00
307.05	-3131000.00
311.86	-3132000.00
316.70	-3133000.00
321.70	-3134000.00
326.73	-3135000.00
331.60	-3136000.00
336.28	-3137000.00
340.60	-3138000.00
344.63	-3139000.00
348.03	-3140000.00
350.94	-3141000.00
353.33	-3142000.00
354.84	-3143000.00
355.71	-3144000.00
355.86	-3145000.00
355.11	-3146000.00
353.55	-3147000.00
351.21	-3148000.00
348.05	-3149000.00
343.98	-3150000.00
339.16	-3151000.00
333.69	-3152000.00
327.43	-3153000.00
320.55	-3154000.00
313.19	-3155000.00
305.28	-3156000.00
297.01	-3157000.00
288.44	-3158000.00
279.67	-3159000.00
270.67	-3160000.00
261.75	-3161000.00
252.87	-3162000.00
244.02	-3163000.00
235.48	-3164000.00
227.21	-3165000.00
219.30	-3166000.00
211.80	-3167000.00
204.77	-3168000.00
198.28	-3169000.00
192.30	-3170000.00
186.93	-3171000.00
182.10	-3172000.00
177.81	-3173000.00
174.15	-3174000.00
171.01	-3175000.00
168.35	-3176000.00
166.22	-3177000.00
164.57	-3178000.00
163.34	-3179000.00
162.55	-3180000.00
162.16	-3181000.00
162.18	-3182000.00
162.58	-3183000.00
163.42	-3184000.00
164.63	-3185000.00
166.22	-3186000.00
168.27	-3187000.00
170.72	-3188000.00
173.57	-3189000.00
176.81	-3190000.00
180.52	-3191000.00
184.54	-3192000.00
188.94	-3193000.00
193.69	-3194000.00
198.64	-3195000.00
203.90	-3196000.00
209.34	-3197000.00
214.90	-3198000.00
220.54	-3199000.00
226.22	-3200000.00
231.96	-3201000.00
237.50	-3202000.00
242.99	-3203000.00
248.37	-3204000.00
253.46	-3205000.00
258.32	-3206000.00
262.96	-3207000.00
267.17	-3208000.00
271.04	-3209000.00
274.57	-3210000.00
277.65	-3211000.00
280.25	-3212000.00
282.48	-3213000.00
284.29	-3214000.00
285.60	-3215000.00
286.53	-3216000.00
287.17	-3217000.00
287.39	-3218000.00
287.31	-3219000.00
287.03	-3220000.00
286.62	-3221000.00
285.99	-3222000.00
285.42	-3223000.00
284.85	-3224000.00
284.35	-3225000.00
284.15	-3226000.00
284.10	-3227000.00
284.42	-3228000.00
285.17	-3229000.00
286.37	-3230000.00
288.08	-3231000.00
290.27	-3232000.00
293.13	-3233000.00
296.47	-3234000.00
300.30	-3235000.00
304.73	-3236000.00
309.53	-3237000.00
314.71	-3238000.00
320.35	-3239000.00
326.12	-3240000.00
332.08	-3241000.00
338.23	-3242000.00
344.32	-3243000.00
350.35	-3244000.00
356.19	-3245000.00
361.84	-3246000.00
367.13	-3247000.00
371.92	-3248000.00
376.37	-3249000.00
380.09	-3250000.00
383.25	-3251000.00
385.78	-3252000.00
387.45	-3253000.00
388.36	-3254000.00
388.52	-3255000.00
387.80	-3256000.00
386.13	-3257000.00
383.68	-3258000.00
380.43	-3259000.00
376.23	-3260000.00
371.29	-3261000.00
365.67	-3262000.00
359.38	-3263000.00
352.39	-3264000.00
344.98	-3265000.00
337.13	-3266000.00
328.88	-3267000.00
320.47	-3268000.00
311.93	-3269000.00
303.17	-3270000.00
294.61	-3271000.00
286.16	-3272000.00
277.85	-3273000.00
269.88	-3274000.00
262.27	-3275000.00
255.15	-3276000.00
248.44	-3277000.00
242.30	-3278000.00
236.74	-3279000.00
231.68	-3280000.00
227.30	-3281000.00
223.42	-3282000.00
220.03	-3283000.00
217.25	-3284000.00
214.88	-3285000.00
212.89	-3286000.00
211.26	-3287000.00
210.02	-3288000.00
209.00	-3289000.00
208.22	-3290000.00
207.66	-3291000.00
207.26	-3292000.00
207.01	-3293000.00
206.95	-3294000.00
207.00	-3295000.00
207.11	-3296000.00
207.43	-3297000.00
207.88	-3298000.00
208.38	-3299000.00
209.03	-3300000.00
209.85	-3301000.00
210.71	-3302000.00
211.70	-3303000.00
212.84	-3304000.00
213.99	-3305000.00
215.26	-3306000.00
216.57	-3307000.00
217.94	-3308000.00
219.32	-3309000.00
220.70	-3310000.00
222.19	-3311000.00
223.54	-3312000.00
224.96	-3313000.00
226.37	-3314000.00
227.68	-3315000.00
228.95	-3316000.00
230.19	-3317000.00
231.34	-3318000.00
232.37	-3319000.00
233.37	-3320000.00
234.25	-3321000.00
235.00	-3322000.00
235.70	-3323000.00
236.32	-3324000.00
236.84	-3325000.00
237.31	-3326000.00
237.81	-3327000.00
238.29	-3328000.00
238.74	-3329000.00
239.32	-3330000.00
240.02	-3331000.00
240.77	-3332000.00
241.76	-3333000.00
242.94	-3334000.00
244.35	-3335000.00
246.08	-3336000.00
248.08	-3337000.00
250.45	-3338000.00
253.16	-3339000.00
256.31	-3340000.00
259.83	-3341000.00
263.66	-3342000.00
268.01	-3343000.00
272.65	-3344000.00
277.62	-3345000.00
282.98	-3346000.00
288.58	-3347000.00
294.40	-3348000.00
300.50	-3349000.00
306.70	-3350000.00
312.98	-3351000.00
319.32	-3352000.00
325.69	-3353000.00
331.93	-3354000.00
337.99	-3355000.00
343.97	-3356000.00
349.66	-3357000.00
354.96	-3358000.00
360.04	-3359000.00
364.63	-3360000.00
368.76	-3361000.00
372.43	-3362000.00
375.54	-3363000.00
378.00	-3364000.00
379.87	-3365000.00
381.16	-3366000.00
381.58	-3367000.00
381.43	-3368000.00
380.55	-3369000.00
378.96	-3370000.00
376.62	-3371000.00
373.68	-3372000.00
370.21	-3373000.00
365.97	-3374000.00
361.41	-3375000.00
356.38	-3376000.00
350.93	-3377000.00
345.32	-3378000.00
339.53	-3379000.00
333.52	-3380000.00
327.59	-3381000.00
321.78	-3382000.00
316.09	-3383000.00
310.57	-3384000.00
305.46	-3385000.00
300.72	-3386000.00
296.34	-3387000.00
292.43	-3388000.00
289.04	-3389000.00
286.02	-3390000.00
283.63	-3391000.00
281.60	-3392000.00
279.92	-3393000.00
278.68	-3394000.00
277.68	-3395000.00
276.88	-3396000.00
276.18	-3397000.00
275.66	-3398000.00
275.07	-3399000.00
274.42	-3400000.00
273.70	-3401000.00
272.78	-3402000.00
271.67	-3403000.00
270.35	-3404000.00
268.82	-3405000.00
266.95	-3406000.00
264.92	-3407000.00
262.73	-3408000.00
260.17	-3409000.00
257.51	-3410000.00
254.70	-3411000.00
251.72	-3412000.00
248.64	-3413000.00
245.47	-3414000.00
242.27	-3415000.00
239.02	-3416000.00
235.80	-3417000.00
232.68	-3418000.00
229.56	-3419000.00
226.60	-3420000.00
223.83	-3421000.00
221.14	-3422000.00
218.70	-3423000.00
216.48	-3424000.00
214.47	-3425000.00
212.67	-3426000.00
211.12	-3427000.00
209.82	-3428000.00
208.67	-3429000.00
207.77	-3430000.00
207.06	-3431000.00
206.51	-3432000.00
206.15	-3433000.00
205.97	-3434000.00
205.96	-3435000.00
206.07	-3436000.00
206.45	-3437000.00
206.97	-3438000.00
207.63	-3439000.00
208.57	-3440000.00
209.74	-3441000.00
211.09	-3442000.00
212.73	-3443000.00
214.65	-3444000.00
216.83	-3445000.00
219.30	-3446000.00
222.07	-3447000.00
225.14	-3448000.00
228.47	-3449000.00
232.17	-3450000.00
236.11	-3451000.00
240.23	-3452000.00
244.73	-3453000.00
249.40	-3454000.00
254.24	-3455000.00
259.31	-3456000.00
264.51	-3457000.00
269.81	-3458000.00
275.20	-3459000.00
280.69	-3460000.00
286.10	-3461000.00
291.51	-3462000.00
296.92	-3463000.00
302.17	-3464000.00
307.26	-3465000.00
312.26	-3466000.00
317.07	-3467000.00
321.52	-3468000.00
325.84	-3469000.00
329.87	-3470000.00
333.50	-3471000.00
336.86	-3472000.00
339.88	-3473000.00
342.45	-3474000.00
344.64	-3475000.00
346.47	-3476000.00
347.75	-3477000.00
348.60	-3478000.00
349.04	-3479000.00
349.00	-3480000.00
348.46	-3481000.00
347.50	-3482000.00
346.26	-3483000.00
344.44	-3484000.00
342.43	-3485000.00
340.15	-3486000.00
337.53	-3487000.00
334.87	-3488000.00
332.08	-3489000.00
329.21	-3490000.00
326.38	-3491000.00
323.73	-3492000.00
321.20	-3493000.00
318.81	-3494000.00
316.84	-3495000.00
315.20	-3496000.00
313.91	-3497000.00
313.07	-3498000.00
312.70	-3499000.00
312.74	-3500000.00
313.30	-3501000.00
314.32	-3502000.00
315.61	-3503000.00
317.34	-3504000.00
319.39	-3505000.00
321.59	-3506000.00
323.91	-3507000.00
326.36	-3508000.00
328.74	-3509000.00
330.96	-3510000.00
333.01	-3511000.00
334.75	-3512000.00
336.10	-3513000.00
337.01	-3514000.00
337.51	-3515000.00
337.29	-3516000.00
336.59	-3517000.00
335.37	-3518000.00
333.38	-3519000.00
330.85	-3520000.00
327.72	-3521000.00
323.98	-3522000.00
319.66	-3523000.00
314.78	-3524000.00
309.47	-3525000.00
303.62	-3526000.00
297.40	-3527000.00
290.90	-3528000.00
284.05	-3529000.00
277.02	-3530000.00
269.92	-3531000.00
262.70	-3532000.00
255.51	-3533000.00
248.47	-3534000.00
241.58	-3535000.00
234.86	-3536000.00
228.46	-3537000.00
222.42	-3538000.00
216.67	-3539000.00
211.37	-3540000.00
206.49	-3541000.00
202.07	-3542000.00
198.10	-3543000.00
194.63	-3544000.00
191.67	-3545000.00
189.11	-3546000.00
187.18	-3547000.00
185.70	-3548000.00
184.67	-3549000.00
184.20	-3550000.00
184.20	-3551000.00
184.65	-3552000.00
185.56	-3553000.00
186.95	-3554000.00
188.76	-3555000.00
190.96	-3556000.00
193.59	-3557000.00
196.57	-3558000.00
199.87	-3559000.00
203.55	-3560000.00
207.52	-3561000.00
211.69	-3562000.00
216.18	-3563000.00
220.89	-3564000.00
225.71	-3565000.00
230.73	-3566000.00
235.87	-3567000.00
241.08	-3568000.00
246.33	-3569000.00
251.66	-3570000.00
256.89	-3571000.00
262.07	-3572000.00
267.24	-3573000.00
272.22	-3574000.00
277.03	-3575000.00
281.68	-3576000.00
286.20	-3577000.00
290.35	-3578000.00
294.33	-3579000.00
298.09	-3580000.00
301.45	-3581000.00
304.58	-3582000.00
307.38	-3583000.00
309.83	-3584000.00
311.94	-3585000.00
313.74	-3586000.00
315.12	-3587000.00
316.11	-3588000.00
316.80	-3589000.00
317.17	-3590000.00
317.08	-3591000.00
316.72	-3592000.00
316.15	-3593000.00
315.23	-3594000.00
314.12	-3595000.00
312.89	-3596000.00
311.48	-3597000.00
310.07	-3598000.00
308.67	-3599000.00
307.28	-3600000.00
305.98	-3601000.00
304.93	-3602000.00
304.09	-3603000.00
303.46	-3604000.00
303.23	-3605000.00
303.39	-3606000.00
303.94	-3607000.00
304.88	-3608000.00
306.35	-3609000.00
308.21	-3610000.00
310.55	-3611000.00
313.36	-3612000.00
316.47	-3613000.00
319.98	-3614000.00
323.87	-3615000.00
327.92	-3616000.00
332.15	-3617000.00
336.48	-3618000.00
340.89	-3619000.00
345.18	-3620000.00
349.31	-3621000.00
353.31	-3622000.00
356.89	-3623000.00
360.10	-3624000.00
362.98	-3625000.00
365.18	-3626000.00
366.87	-3627000.00
368.04	-3628000.00
368.45	-3629000.00
368.21	-3630000.00
367.25	-3631000.00
365.70	-3632000.00
363.30	-3633000.00
360.25	-3634000.00
356.61	-3635000.00
352.23	-3636000.00
347.26	-3637000.00
341.80	-3638000.00
335.84	-3639000.00
329.38	-3640000.00
322.69	-3641000.00
315.74	-3642000.00
308.52	-3643000.00
301.33	-3644000.00
294.07	-3645000.00
286.84	-3646000.00
279.79	-3647000.00
272.94	-3648000.00
266.32	-3649000.00
259.98	-3650000.00
254.06	-3651000.00
248.50	-3652000.00
243.31	-3653000.00
238.58	-3654000.00
234.30	-3655000.00
230.35	-3656000.00
226.96	-3657000.00
223.93	-3658000.00
221.22	-3659000.00
218.94	-3660000.00
216.97	-3661000.00
215.29	-3662000.00
213.87	-3663000.00
212.73	-3664000.00
211.79	-3665000.00
211.02	-3666000.00
210.49	-3667000.00
210.07	-3668000.00
209.81	-3669000.00
209.75	-3670000.00
209.83	-3671000.00
210.01	-3672000.00
210.39	-3673000.00
210.98	-3674000.00
211.63	-3675000.00
212.52	-3676000.00
213.57	-3677000.00
214.77	-3678000.00
216.15	-3679000.00
217.71	-3680000.00
219.40	-3681000.00
221.21	-3682000.00
223.19	-3683000.00
225.30	-3684000.00
227.42	-3685000.00
229.66	-3686000.00
232.04	-3687000.00
234.35	-3688000.00
236.73	-3689000.00
239.16	-3690000.00
241.53	-3691000.00
243.91	-3692000.00
246.23	-3693000.00
248.49	-3694000.00
250.66	-3695000.00
252.73	-3696000.00
254.71	-3697000.00
256.49	-3698000.00
258.18	-3699000.00
259.76	-3700000.00
261.15	-3701000.00
262.38	-3702000.00
263.58	-3703000.00
264.64	-3704000.00
265.59	-3705000.00
266.56	-3706000.00
267.49	-3707000.00
268.45	-3708000.00
269.51	-3709000.00
270.68	-3710000.00
271.96	-3711000.00
273.50	-3712000.00
275.31	-3713000.00
277.36	-3714000.00
279.73	-3715000.00
282.52	-3716000.00
285.66	-3717000.00
289.10	-3718000.00
293.06	-3719000.00
297.30	-3720000.00
301.93	-3721000.00
306.97	-3722000.00
312.19	-3723000.00
317.73	-3724000.00
323.46	-3725000.00
329.35	-3726000.00
335.26	-3727000.00
341.13	-3728000.00
347.06	-3729000.00
352.72	-3730000.00
358.12	-3731000.00
363.32	-3732000.00
368.00	-3733000.00
372.22	-3734000.00
376.04	-3735000.00
379.16	-3736000.00
381.61	-3737000.00
383.50	-3738000.00
384.64	-3739000.00
385.03	-3740000.00
384.68	-3741000.00
383.70	-3742000.00
381.87	-3743000.00
379.32	-3744000.00
376.24	-3745000.00
372.41	-3746000.00
367.96	-3747000.00
363.03	-3748000.00
357.71	-3749000.00
351.83	-3750000.00
345.81	-3751000.00
339.55	-3752000.00
333.04	-3753000.00
326.67	-3754000.00
320.25	-3755000.00
313.97	-3756000.00
307.90	-3757000.00
302.13	-3758000.00
296.71	-3759000.00
291.59	-3760000.00
287.01	-3761000.00
282.88	-3762000.00
279.16	-3763000.00
276.05	-3764000.00
273.37	-3765000.00
271.14	-3766000.00
269.45	-3767000.00
268.15	-3768000.00
267.11	-3769000.00
266.47	-3770000.00
266.09	-3771000.00
265.86	-3772000.00
265.71	-3773000.00
265.67	-3774000.00
265.66	-3775000.00
265.52	-3776000.00
265.37	-3777000.00
264.98	-3778000.00
264.41	-3779000.00
263.69	-3780000.00
262.71	-3781000.00
261.40	-3782000.00
259.90	-3783000.00
258.17	-3784000.00
256.11	-3785000.00
253.87	-3786000.00
251.40	-3787000.00
248.73	-3788000.00
245.90	-3789000.00
242.92	-3790000.00
239.85	-3791000.00
236.63	-3792000.00
233.42	-3793000.00
230.21	-3794000.00
226.91	-3795000.00
223.72	-3796000.00
220.64	-3797000.00
217.60	-3798000.00
214.72	-3799000.00
212.04	-3800000.00
209.52	-3801000.00
207.23	-3802000.00
205.16	-3803000.00
203.37	-3804000.00
201.78	-3805000.00
200.48	-3806000.00
199.47	-3807000.00
198.68	-3808000.00
198.18	-3809000.00
197.99	-3810000.00
198.03	-3811000.00
198.31	-3812000.00
198.95	-3813000.00
199.83	-3814000.00
200.96	-3815000.00
202.45	-3816000.00
204.18	-3817000.00
206.25	-3818000.00
208.65	-3819000.00
211.39	-3820000.00
214.45	-3821000.00
217.86	-3822000.00
221.73	-3823000.00
225.90	-3824000.00
230.45	-3825000.00
235.47	-3826000.00
240.84	-3827000.00
246.58	-3828000.00
252.78	-3829000.00
259.28	-3830000.00
266.12	-3831000.00
273.35	-3832000.00
280.80	-3833000.00
288.51	-3834000.00
296.37	-3835000.00
304.47	-3836000.00
312.56	-3837000.00
320.59	-3838000.00
328.73	-3839000.00
336.56	-3840000.00
344.19	-3841000.00
351.58	-3842000.00
358.49	-3843000.00
364.93	-3844000.00
370.90	-3845000.00
376.28	-3846000.00
380.83	-3847000.00
384.81	-3848000.00
388.03	-3849000.00
390.36	-3850000.00
391.92	-3851000.00
392.68	-3852000.00
392.58	-3853000.00
391.57	-3854000.00
389.89	-3855000.00
387.45	-3856000.00
384.15	-3857000.00
380.36	-3858000.00
376.02	-3859000.00
371.10	-3860000.00
365.91	-3861000.00
360.47	-3862000.00
354.75	-3863000.00
349.13	-3864000.00
343.50	-3865000.00
338.05	-3866000.00
332.77	-3867000.00
327.89	-3868000.00
323.47	-3869000.00
319.38	-3870000.00
315.91	-3871000.00
312.98	-3872000.00
310.56	-3873000.00
308.79	-3874000.00
307.49	-3875000.00
306.68	-3876000.00
306.40	-3877000.00
306.52	-3878000.00
306.91	-3879000.00
307.54	-3880000.00
308.46	-3881000.00
309.41	-3882000.00
310.34	-3883000.00
311.25	-3884000.00
312.07	-3885000.00
312.64	-3886000.00
313.01	-3887000.00
313.06	-3888000.00
312.69	-3889000.00
312.03	-3890000.00
310.99	-3891000.00
309.42	-3892000.00
307.46	-3893000.00
305.15	-3894000.00
302.36	-3895000.00
299.20	-3896000.00
295.64	-3897000.00
291.81	-3898000.00
287.61	-3899000.00
283.16	-3900000.00
278.51	-3901000.00
273.56	-3902000.00
268.53	-3903000.00
263.40	-3904000.00
258.09	-3905000.00
252.79	-3906000.00
247.54	-3907000.00
242.31	-3908000.00
237.11	-3909000.00
232.10	-3910000.00
227.22	-3911000.00
222.49	-3912000.00
218.00	-3913000.00
213.77	-3914000.00
209.75	-3915000.00
206.00	-3916000.00
202.60	-3917000.00
199.42	-3918000.00
196.57	-3919000.00
194.07	-3920000.00
191.87	-3921000.00
189.98	-3922000.00
188.49	-3923000.00
187.34	-3924000.00
186.49	-3925000.00
186.07	-3926000.00
186.00	-3927000.00
186.32	-3928000.00
187.02	-3929000.00
188.15	-3930000.00
189.65	-3931000.00
191.53	-3932000.00
193.92	-3933000.00
196.63	-3934000.00
199.73	-3935000.00
203.35	-3936000.00
207.28	-3937000.00
211.63	-3938000.00
216.38	-3939000.00
221.51	-3940000.00
226.96	-3941000.00
232.80	-3942000.00
238.98	-3943000.00
245.41	-3944000.00
252.10	-3945000.00
259.07	-3946000.00
266.17	-3947000.00
273.35	-3948000.00
280.71	-3949000.00
288.00	-3950000.00
295.22	-3951000.00
302.38	-3952000.00
309.33	-3953000.00
315.98	-3954000.00
322.34	-3955000.00
328.39	-3956000.00
333.88	-3957000.00
339.01	-3958000.00
343.59	-3959000.00
347.59	-3960000.00
350.98	-3961000.00
353.77	-3962000.00
355.97	-3963000.00
357.36	-3964000.00
358.20	-3965000.00
358.45	-3966000.00
357.94	-3967000.00
356.94	-3968000.00
355.46	-3969000.00
353.46	-3970000.00
351.15	-3971000.00
348.57	-3972000.00
345.81	-3973000.00
342.97	-3974000.00
340.24	-3975000.00
337.69	-3976000.00
335.26	-3977000.00
333.29	-3978000.00
331.81	-3979000.00
330.74	-3980000.00
330.27	-3981000.00
330.43	-3982000.00
331.15	-3983000.00
332.53	-3984000.00
334.45	-3985000.00
336.88	-3986000.00
339.75	-3987000.00
343.12	-3988000.00
346.63	-3989000.00
350.33	-3990000.00
354.17	-3991000.00
357.97	-3992000.00
361.57	-3993000.00
364.92	-3994000.00
368.02	-3995000.00
370.58	-3996000.00
372.65	-3997000.00
374.16	-3998000.00
374.86	-3999000.00
374.94	-4000000.00
374.36	-4001000.00
372.90	-4002000.00
370.67	-4003000.00
367.77	-4004000.00
364.15	-4005000.00
359.80	-4006000.00
354.81	-4007000.00
349.31	-4008000.00
343.21	-4009000.00
336.66	-4010000.00
329.81	-4011000.00
322.45	-4012000.00
314.93	-4013000.00
307.25	-4014000.00
299.39	-4015000.00
291.46	-4016000.00
283.59	-4017000.00
275.83	-4018000.00
268.09	-4019000.00
260.67	-4020000.00
253.48	-4021000.00
246.54	-4022000.00
239.98	-4023000.00
233.79	-4024000.00
227.97	-4025000.00
222.54	-4026000.00
217.59	-4027000.00
213.02	-4028000.00
208.85	-4029000.00
205.20	-4030000.00
201.90	-4031000.00
199.03	-4032000.00
196.59	-4033000.00
194.55	-4034000.00
192.86	-4035000.00
191.61	-4036000.00
190.72	-4037000.00
190.19	-4038000.00
190.03	-4039000.00
190.26	-4040000.00
190.82	-4041000.00
191.71	-4042000.00
193.05	-4043000.00
194.64	-4044000.00
196.55	-4045000.00
198.90	-4046000.00
201.50	-4047000.00
204.42	-4048000.00
207.65	-4049000.00
211.21	-4050000.00
215.02	-4051000.00
219.09	-4052000.00
223.47	-4053000.00
228.00	-4054000.00
232.77	-4055000.00
237.72	-4056000.00
242.80	-4057000.00
247.94	-4058000.00
253.18	-4059000.00
258.45	-4060000.00
263.59	-4061000.00
268.70	-4062000.00
273.72	-4063000.00
278.48	-4064000.00
283.06	-4065000.00
287.40	-4066000.00
291.41	-4067000.00
295.15	-4068000.00
298.49	-4069000.00
301.52	-4070000.00
304.07	-4071000.00
306.26	-4072000.00
308.13	-4073000.00
309.41	-4074000.00
310.38	-4075000.00
311.01	-4076000.00
311.20	-4077000.00
311.07	-4078000.00
310.70	-4079000.00
310.13	-4080000.00
309.36	-4081000.00
308.62	-4082000.00
307.85	-4083000.00
307.20	-4084000.00
306.83	-4085000.00
306.79	-4086000.00
307.09	-4087000.00
307.90	-4088000.00
309.39	-4089000.00
311.44	-4090000.00
314.14	-4091000.00
317.63	-4092000.00
321.77	-4093000.00
326.60	-4094000.00
332.10	-4095000.00
338.11	-4096000.00
344.57	-4097000.00
351.61	-4098000.00
358.78	-4099000.00
366.17	-4100000.00
373.62	-4101000.00
381.12	-4102000.00
388.37	-4103000.00
395.25	-4104000.00
401.93	-4105000.00
407.87	-4106000.00
413.21	-4107000.00
417.91	-4108000.00
421.53	-4109000.00
424.34	-4110000.00
426.17	-4111000.00
426.97	-4112000.00
426.57	-4113000.00
425.19	-4114000.00
422.85	-4115000.00
419.33	-4116000.00
414.91	-4117000.00
409.61	-4118000.00
403.42	-4119000.00
396.49	-4120000.00
388.95	-4121000.00
380.77	-4122000.00
372.03	-4123000.00
363.07	-4124000.00
353.74	-4125000.00
344.18	-4126000.00
334.63	-4127000.00
325.10	-4128000.00
315.60	-4129000.00
306.41	-4130000.00
297.48	-4131000.00
288.90	-4132000.00
280.75	-4133000.00
273.12	-4134000.00
266.02	-4135000.00
259.40	-4136000.00
253.46	-4137000.00
248.04	-4138000.00
243.12	-4139000.00
238.86	-4140000.00
234.99	-4141000.00
231.57	-4142000.00
228.60	-4143000.00
225.96	-4144000.00
223.62	-4145000.00
221.52	-4146000.00
219.69	-4147000.00
218.01	-4148000.00
216.49	-4149000.00
215.18	-4150000.00
213.96	-4151000.00
212.90	-4152000.00
212.06	-4153000.00
211.33	-4154000.00
210.76	-4155000.00
210.46	-4156000.00
210.37	-4157000.00
210.50	-4158000.00
210.88	-4159000.00
211.61	-4160000.00
212.60	-4161000.00
213.91	-4162000.00
215.55	-4163000.00
217.51	-4164000.00
219.79	-4165000.00
222.37	-4166000.00
225.28	-4167000.00
228.34	-4168000.00
231.66	-4169000.00
235.22	-4170000.00
238.77	-4171000.00
242.46	-4172000.00
246.21	-4173000.00
249.92	-4174000.00
253.54	-4175000.00
257.07	-4176000.00
260.44	-4177000.00
263.65	-4178000.00
266.60	-4179000.00
269.36	-4180000.00
271.76	-4181000.00
273.90	-4182000.00
275.81	-4183000.00
277.26	-4184000.00
278.44	-4185000.00
279.39	-4186000.00
280.04	-4187000.00
280.41	-4188000.00
280.65	-4189000.00
280.78	-4190000.00
280.83	-4191000.00
281.00	-4192000.00
281.28	-4193000.00
281.77	-4194000.00
282.69	-4195000.00
284.05	-4196000.00
285.93	-4197000.00
288.35	-4198000.00
291.63	-4199000.00
295.56	-4200000.00
300.17	-4201000.00
305.70	-4202000.00
311.82	-4203000.00
318.72	-4204000.00
326.22	-4205000.00
334.21	-4206000.00
342.64	-4207000.00
351.53	-4208000.00
360.62	-4209000.00
369.77	-4210000.00
378.92	-4211000.00
388.12	-4212000.00
396.91	-4213000.00
405.31	-4214000.00
413.39	-4215000.00
420.68	-4216000.00
427.27	-4217000.00
433.15	-4218000.00
437.93	-4219000.00
441.72	-4220000.00
444.43	-4221000.00
446.12	-4222000.00
446.45	-4223000.00
445.72	-4224000.00
443.92	-4225000.00
440.87	-4226000.00
436.80	-4227000.00
431.73	-4228000.00
425.79	-4229000.00
418.85	-4230000.00
411.26	-4231000.00
403.08	-4232000.00
394.17	-4233000.00
385.03	-4234000.00
375.51	-4235000.00
365.80	-4236000.00
356.10	-4237000.00
346.45	-4238000.00
337.00	-4239000.00
327.84	-4240000.00
319.14	-4241000.00
311.00	-4242000.00
303.34	-4243000.00
296.50	-4244000.00
290.41	-4245000.00
285.01	-4246000.00
280.56	-4247000.00
276.86	-4248000.00
273.91	-4249000.00
271.79	-4250000.00
270.25	-4251000.00
269.30	-4252000.00
268.80	-4253000.00
268.69	-4254000.00
268.82	-4255000.00
269.04	-4256000.00
269.38	-4257000.00
269.68	-4258000.00
269.84	-4259000.00
269.93	-4260000.00
269.73	-4261000.00
269.33	-4262000.00
268.70	-4263000.00
267.77	-4264000.00
266.49	-4265000.00
265.01	-4266000.00
263.28	-4267000.00
261.25	-4268000.00
259.00	-4269000.00
256.64	-4270000.00
254.11	-4271000.00
251.47	-4272000.00
248.80	-4273000.00
246.15	-4274000.00
243.51	-4275000.00
240.97	-4276000.00
238.66	-4277000.00
236.33	-4278000.00
234.29	-4279000.00
232.53	-4280000.00
230.90	-4281000.00
229.59	-4282000.00
228.51	-4283000.00
227.76	-4284000.00
227.19	-4285000.00
226.89	-4286000.00
226.91	-4287000.00
227.07	-4288000.00
227.49	-4289000.00
228.10	-4290000.00
228.83	-4291000.00
229.69	-4292000.00
230.71	-4293000.00
231.76	-4294000.00
232.82	-4295000.00
234.04	-4296000.00
235.25	-4297000.00
236.52	-4298000.00
237.90	-4299000.00
239.39	-4300000.00
241.07	-4301000.00
242.99	-4302000.00
245.24	-4303000.00
247.87	-4304000.00
250.98	-4305000.00
254.73	-4306000.00
259.06	-4307000.00
264.03	-4308000.00
269.89	-4309000.00
276.42	-4310000.00
283.69	-4311000.00
291.78	-4312000.00
300.47	-4313000.00
309.84	-4314000.00
319.75	-4315000.00
330.07	-4316000.00
340.75	-4317000.00
351.64	-4318000.00
362.75	-4319000.00
373.69	-4320000.00
384.49	-4321000.00
395.16	-4322000.00
405.27	-4323000.00
414.85	-4324000.00
423.80	-4325000.00
431.90	-4326000.00
439.01	-4327000.00
445.15	-4328000.00
450.13	-4329000.00
453.75	-4330000.00
456.18	-4331000.00
457.38	-4332000.00
457.08	-4333000.00
455.54	-4334000.00
452.73	-4335000.00
448.75	-4336000.00
443.47	-4337000.00
437.22	-4338000.00
430.19	-4339000.00
422.01	-4340000.00
413.30	-4341000.00
404.06	-4342000.00
394.23	-4343000.00
384.22	-4344000.00
373.96	-4345000.00
363.81	-4346000.00
353.70	-4347000.00
343.95	-4348000.00
334.64	-4349000.00
325.77	-4350000.00
317.71	-4351000.00
310.42	-4352000.00
303.91	-4353000.00
298.44	-4354000.00
294.00	-4355000.00
290.53	-4356000.00
288.13	-4357000.00
286.72	-4358000.00
286.18	-4359000.00
286.50	-4360000.00
287.52	-4361000.00
289.10	-4362000.00
291.05	-4363000.00
293.44	-4364000.00
295.96	-4365000.00
298.48	-4366000.00
301.07	-4367000.00
303.55	-4368000.00
305.79	-4369000.00
307.78	-4370000.00
309.47	-4371000.00
310.74	-4372000.00
311.61	-4373000.00
312.12	-4374000.00
311.96	-4375000.00
311.45	-4376000.00
310.44	-4377000.00
308.92	-4378000.00
306.90	-4379000.00
304.44	-4380000.00
301.63	-4381000.00
298.28	-4382000.00
294.64	-4383000.00
290.72	-4384000.00
286.42	-4385000.00
281.95	-4386000.00
277.33	-4387000.00
272.43	-4388000.00
267.47	-4389000.00
262.51	-4390000.00
257.46	-4391000.00
252.41	-4392000.00
247.45	-4393000.00
242.66	-4394000.00
237.92	-4395000.00
233.41	-4396000.00
229.17	-4397000.00
225.14	-4398000.00
221.42	-4399000.00
218.03	-4400000.00
214.97	-4401000.00
212.25	-4402000.00
209.97	-4403000.00
208.07	-4404000.00
206.52	-4405000.00
205.50	-4406000.00
204.89	-4407000.00
204.77	-4408000.00
205.18	-4409000.00
206.13	-4410000.00
207.70	-4411000.00
209.86	-4412000.00
212.72	-4413000.00
216.25	-4414000.00
220.50	-4415000.00
225.59	-4416000.00
231.37	-4417000.00
237.89	-4418000.00
245.27	-4419000.00
253.33	-4420000.00
262.06	-4421000.00
271.48	-4422000.00
281.48	-4423000.00
291.98	-4424000.00
302.88	-4425000.00
314.18	-4426000.00
325.62	-4427000.00
337.16	-4428000.00
348.80	-4429000.00
360.22	-4430000.00
371.38	-4431000.00
382.21	-4432000.00
392.58	-4433000.00
402.25	-4434000.00
411.18	-4435000.00
419.38	-4436000.00
426.40	-4437000.00
432.54	-4438000.00
437.47	-4439000.00
441.13	-4440000.00
443.52	-4441000.00
444.63	-4442000.00
444.43	-4443000.00
442.83	-4444000.00
440.04	-4445000.00
436.12	-4446000.00
430.87	-4447000.00
424.74	-4448000.00
417.80	-4449000.00
409.85	-4450000.00
401.38	-4451000.00
392.52	-4452000.00
383.29	-4453000.00
373.92	-4454000.00
364.58	-4455000.00
355.57	-4456000.00
346.78	-4457000.00
338.67	-4458000.00
331.28	-4459000.00
324.60	-4460000.00
319.04	-4461000.00
314.50	-4462000.00
311.10	-4463000.00
308.85	-4464000.00
307.82	-4465000.00
307.88	-4466000.00
308.90	-4467000.00
310.90	-4468000.00
313.51	-4469000.00
316.75	-4470000.00
320.44	-4471000.00
324.27	-4472000.00
328.19	-4473000.00
332.16	-4474000.00
335.95	-4475000.00
339.35	-4476000.00
342.42	-4477000.00
345.15	-4478000.00
347.20	-4479000.00
348.73	-4480000.00
349.70	-4481000.00
349.96	-4482000.00
349.60	-4483000.00
348.69	-4484000.00
346.95	-4485000.00
344.66	-4486000.00
341.74	-4487000.00
338.32	-4488000.00
334.24	-4489000.00
329.67	-4490000.00
324.77	-4491000.00
319.35	-4492000.00
313.66	-4493000.00
307.73	-4494000.00
301.51	-4495000.00
295.21	-4496000.00
288.81	-4497000.00
282.36	-4498000.00
275.86	-4499000.00
269.54	-4500000.00
263.28	-4501000.00
257.12	-4502000.00
251.23	-4503000.00
245.58	-4504000.00
240.19	-4505000.00
235.09	-4506000.00
230.40	-4507000.00
226.08	-4508000.00
222.12	-4509000.00
218.67	-4510000.00
215.69	-4511000.00
213.13	-4512000.00
211.19	-4513000.00
209.77	-4514000.00
208.89	-4515000.00
208.68	-4516000.00
209.06	-4517000.00
210.12	-4518000.00
211.78	-4519000.00
214.15	-4520000.00
217.19	-4521000.00
220.83	-4522000.00
225.19	-4523000.00
230.10	-4524000.00
235.63	-4525000.00
241.81	-4526000.00
248.44	-4527000.00
255.58	-4528000.00
263.20	-4529000.00
271.25	-4530000.00
279.54	-4531000.00
288.14	-4532000.00
297.01	-4533000.00
305.91	-4534000.00
314.84	-4535000.00
323.83	-4536000.00
332.61	-4537000.00
341.14	-4538000.00
349.42	-4539000.00
357.36	-4540000.00
364.72	-4541000.00
371.57	-4542000.00
377.95	-4543000.00
383.42	-4544000.00
388.23	-4545000.00
392.34	-4546000.00
395.39	-4547000.00
397.67	-4548000.00
398.93	-4549000.00
399.33	-4550000.00
398.69	-4551000.00
397.13	-4552000.00
394.82	-4553000.00
391.44	-4554000.00
387.44	-4555000.00
382.71	-4556000.00
377.27	-4557000.00
371.39	-4558000.00
365.11	-4559000.00
358.52	-4560000.00
351.69	-4561000.00
345.03	-4562000.00
338.43	-4563000.00
332.10	-4564000.00
326.29	-4565000.00
321.12	-4566000.00
316.65	-4567000.00
313.19	-4568000.00
310.76	-4569000.00
309.44	-4570000.00
309.33	-4571000.00
310.51	-4572000.00
312.79	-4573000.00
316.14	-4574000.00
320.59	-4575000.00
325.85	-4576000.00
331.75	-4577000.00
338.30	-4578000.00
345.06	-4579000.00
352.10	-4580000.00
359.19	-4581000.00
366.01	-4582000.00
372.58	-4583000.00
378.64	-4584000.00
384.30	-4585000.00
389.01	-4586000.00
392.97	-4587000.00
396.21	-4588000.00
398.29	-4589000.00
399.47	-4590000.00
399.63	-4591000.00
398.69	-4592000.00
396.71	-4593000.00
393.77	-4594000.00
389.84	-4595000.00
384.85	-4596000.00
379.05	-4597000.00
372.53	-4598000.00
365.19	-4599000.00
357.20	-4600000.00
348.73	-4601000.00
339.89	-4602000.00
330.62	-4603000.00
321.23	-4604000.00
311.77	-4605000.00
302.21	-4606000.00
292.86	-4607000.00
283.69	-4608000.00
274.71	-4609000.00
266.23	-4610000.00
258.11	-4611000.00
250.54	-4612000.00
243.50	-4613000.00
237.12	-4614000.00
231.43	-4615000.00
226.35	-4616000.00
222.11	-4617000.00
218.60	-4618000.00
215.80	-4619000.00
213.86	-4620000.00
212.65	-4621000.00
212.17	-4622000.00
212.48	-4623000.00
213.50	-4624000.00
215.16	-4625000.00
217.49	-4626000.00
220.47	-4627000.00
224.02	-4628000.00
228.08	-4629000.00
232.74	-4630000.00
237.86	-4631000.00
243.38	-4632000.00
249.43	-4633000.00
255.79	-4634000.00
262.49	-4635000.00
269.52	-4636000.00
276.78	-4637000.00
284.19	-4638000.00
291.69	-4639000.00
299.41	-4640000.00
306.89	-4641000.00
314.37	-4642000.00
321.70	-4643000.00
328.71	-4644000.00
335.42	-4645000.00
341.68	-4646000.00
347.60	-4647000.00
352.79	-4648000.00
357.52	-4649000.00
361.74	-4650000.00
365.02	-4651000.00
367.78	-4652000.00
369.81	-4653000.00
371.00	-4654000.00
371.41	-4655000.00
371.11	-4656000.00
370.01	-4657000.00
368.07	-4658000.00
365.44	-4659000.00
362.22	-4660000.00
358.23	-4661000.00
353.74	-4662000.00
348.81	-4663000.00
343.46	-4664000.00
337.84	-4665000.00
332.10	-4666000.00
326.30	-4667000.00
320.54	-4668000.00
315.07	-4669000.00
309.93	-4670000.00
305.17	-4671000.00
301.15	-4672000.00
297.79	-4673000.00
295.31	-4674000.00
293.79	-4675000.00
293.30	-4676000.00
293.90	-4677000.00
295.60	-4678000.00
298.42	-4679000.00
302.21	-4680000.00
306.92	-4681000.00
312.66	-4682000.00
318.96	-4683000.00
325.87	-4684000.00
333.37	-4685000.00
341.11	-4686000.00
349.08	-4687000.00
357.08	-4688000.00
364.97	-4689000.00
372.68	-4690000.00
379.97	-4691000.00
386.85	-4692000.00
393.00	-4693000.00
398.45	-4694000.00
403.25	-4695000.00
406.98	-4696000.00
409.78	-4697000.00
411.65	-4698000.00
412.45	-4699000.00
412.15	-4700000.00
410.79	-4701000.00
408.44	-4702000.00
404.85	-4703000.00
400.45	-4704000.00
395.01	-4705000.00
388.64	-4706000.00
381.47	-4707000.00
373.62	-4708000.00
365.26	-4709000.00
356.20	-4710000.00
346.97	-4711000.00
337.54	-4712000.00
327.84	-4713000.00
318.36	-4714000.00
309.00	-4715000.00
299.85	-4716000.00
291.20	-4717000.00
283.10	-4718000.00
275.62	-4719000.00
268.88	-4720000.00
263.01	-4721000.00
258.12	-4722000.00
254.14	-4723000.00
251.27	-4724000.00
249.44	-4725000.00
248.52	-4726000.00
248.68	-4727000.00
249.65	-4728000.00
251.32	-4729000.00
253.74	-4730000.00
256.64	-4731000.00
260.01	-4732000.00
263.72	-4733000.00
267.75	-4734000.00
271.90	-4735000.00
276.16	-4736000.00
280.58	-4737000.00
284.91	-4738000.00
289.19	-4739000.00
293.45	-4740000.00
297.58	-4741000.00
301.50	-4742000.00
305.27	-4743000.00
308.92	-4744000.00
312.20	-4745000.00
315.34	-4746000.00
318.28	-4747000.00
320.84	-4748000.00
323.18	-4749000.00
325.28	-4750000.00
326.98	-4751000.00
328.37	-4752000.00
329.42	-4753000.00
330.18	-4754000.00
330.53	-4755000.00
330.52	-4756000.00
330.29	-4757000.00
329.56	-4758000.00
328.60	-4759000.00
327.38	-4760000.00
325.72	-4761000.00
323.87	-4762000.00
321.75	-4763000.00
319.39	-4764000.00
316.69	-4765000.00
313.90	-4766000.00
310.92	-4767000.00
307.74	-4768000.00
304.50	-4769000.00
301.24	-4770000.00
297.99	-4771000.00
294.79	-4772000.00
291.82	-4773000.00
289.08	-4774000.00
286.64	-4775000.00
284.74	-4776000.00
283.32	-4777000.00
282.44	-4778000.00
282.39	-4779000.00
283.06	-4780000.00
284.53	-4781000.00
286.88	-4782000.00
290.08	-4783000.00
294.17	-4784000.00
298.99	-4785000.00
304.60	-4786000.00
310.84	-4787000.00
317.64	-4788000.00
325.03	-4789000.00
332.64	-4790000.00
340.51	-4791000.00
348.72	-4792000.00
356.75	-4793000.00
364.74	-4794000.00
372.49	-4795000.00
380.02	-4796000.00
387.00	-4797000.00
393.45	-4798000.00
399.28	-4799000.00
404.29	-4800000.00
408.44	-4801000.00
411.80	-4802000.00
414.08	-4803000.00
415.29	-4804000.00
415.58	-4805000.00
414.90	-4806000.00
412.98	-4807000.00
410.18	-4808000.00
406.44	-4809000.00
401.70	-4810000.00
396.16	-4811000.00
389.86	-4812000.00
382.71	-4813000.00
375.05	-4814000.00
366.82	-4815000.00
358.23	-4816000.00
349.25	-4817000.00
340.14	-4818000.00
331.09	-4819000.00
321.91	-4820000.00
313.14	-4821000.00
304.68	-4822000.00
296.59	-4823000.00
289.24	-4824000.00
282.56	-4825000.00
276.73	-4826000.00
271.81	-4827000.00
268.03	-4828000.00
265.36	-4829000.00
263.81	-4830000.00
263.58	-4831000.00
264.49	-4832000.00
266.48	-4833000.00
269.59	-4834000.00
273.55	-4835000.00
278.27	-4836000.00
283.70	-4837000.00
289.69	-4838000.00
295.97	-4839000.00
302.60	-4840000.00
309.40	-4841000.00
316.21	-4842000.00
322.96	-4843000.00
329.63	-4844000.00
335.88	-4845000.00
341.84	-4846000.00
347.40	-4847000.00
352.39	-4848000.00
356.70	-4849000.00
360.41	-4850000.00
363.52	-4851000.00
365.73	-4852000.00
367.19	-4853000.00
368.04	-4854000.00
367.94	-4855000.00
367.25	-4856000.00
365.79	-4857000.00
363.63	-4858000.00
360.79	-4859000.00
357.37	-4860000.00
353.46	-4861000.00
348.91	-4862000.00
343.98	-4863000.00
338.75	-4864000.00
333.17	-4865000.00
327.33	-4866000.00
321.43	-4867000.00
315.44	-4868000.00
309.47	-4869000.00
303.67	-4870000.00
298.00	-4871000.00
292.53	-4872000.00
287.46	-4873000.00
282.76	-4874000.00
278.40	-4875000.00
274.62	-4876000.00
271.35	-4877000.00
268.67	-4878000.00
266.57	-4879000.00
265.18	-4880000.00
264.46	-4881000.00
264.37	-4882000.00
265.10	-4883000.00
266.48	-4884000.00
268.51	-4885000.00
271.36	-4886000.00
274.74	-4887000.00
278.78	-4888000.00
283.43	-4889000.00
288.62	-4890000.00
294.27	-4891000.00
300.32	-4892000.00
306.84	-4893000.00
313.61	-4894000.00
320.60	-4895000.00
327.83	-4896000.00
335.07	-4897000.00
342.32	-4898000.00
349.63	-4899000.00
356.69	-4900000.00
363.49	-4901000.00
370.11	-4902000.00
376.33	-4903000.00
382.04	-4904000.00
387.24	-4905000.00
391.99	-4906000.00
395.90	-4907000.00
399.19	-4908000.00
401.73	-4909000.00
403.36	-4910000.00
404.15	-4911000.00
404.08	-4912000.00
403.22	-4913000.00
401.21	-4914000.00
398.53	-4915000.00
395.15	-4916000.00
390.66	-4917000.00
385.68	-4918000.00
379.94	-4919000.00
373.65	-4920000.00
366.82	-4921000.00
359.58	-4922000.00
352.06	-4923000.00
344.23	-4924000.00
336.40	-4925000.00
328.60	-4926000.00
320.86	-4927000.00
313.47	-4928000.00
306.52	-4929000.00
300.07	-4930000.00
294.32	-4931000.00
289.42	-4932000.00
285.38	-4933000.00
282.40	-4934000.00
280.54	-4935000.00
279.80	-4936000.00
280.15	-4937000.00
281.71	-4938000.00
284.27	-4939000.00
287.73	-4940000.00
292.11	-4941000.00
297.14	-4942000.00
302.73	-4943000.00
308.80	-4944000.00
315.21	-4945000.00
321.78	-4946000.00
328.38	-4947000.00
335.15	-4948000.00
341.59	-4949000.00
347.88	-4950000.00
353.87	-4951000.00
359.39	-4952000.00
364.51	-4953000.00
369.02	-4954000.00
372.89	-4955000.00
376.09	-4956000.00
378.54	-4957000.00
380.34	-4958000.00
381.14	-4959000.00
381.21	-4960000.00
380.59	-4961000.00
379.08	-4962000.00
376.80	-4963000.00
373.86	-4964000.00
370.23	-4965000.00
366.00	-4966000.00
361.26	-4967000.00
356.10	-4968000.00
350.36	-4969000.00
344.49	-4970000.00
338.36	-4971000.00
332.07	-4972000.00
325.72	-4973000.00
319.51	-4974000.00
313.52	-4975000.00
307.65	-4976000.00
302.31	-4977000.00
297.45	-4978000.00
293.05	-4979000.00
289.50	-4980000.00
286.56	-4981000.00
284.47	-4982000.00
283.24	-4983000.00
282.87	-4984000.00
283.32	-4985000.00
284.57	-4986000.00
286.65	-4987000.00
289.38	-4988000.00
292.69	-4989000.00
296.63	-4990000.00
300.94	-4991000.00
305.56	-4992000.00
310.58	-4993000.00
315.69	-4994000.00
320.85	-4995000.00
326.19	-4996000.00
331.37	-4997000.00
336.48	-4998000.00
341.42	-4999000.00
346.23	-5000000.00