maxins_wm2,time_y
214.01,0
215.66,-1000
218.03,-2000
220.76,-3000
223.78,-4000
227.15,-5000
230.79,-6000
235.02,-7000
238.89,-8000
243.26,-9000
247.15,-10000
251.51,-11000
254.96,-12000
259.06,-13000
262.46,-14000
265.87,-15000
268.92,-16000
271.39,-17000
273.45,-18000
275.07,-19000
276.2,-20000
276.61,-21000
276.53,-22000
275.94,-23000
274.63,-24000
272.79,-25000
270.33,-26000
267.46,-27000
264.03,-28000
260.14,-29000
256.48,-30000
251.75,-31000
246.78,-32000
241.9,-33000
236.45,-34000
230.87,-35000
225.77,-36000
220.53,-37000
215.06,-38000
210.58,-39000
205.59,-40000
201.73,-41000
198.27,-42000
195.38,-43000
192.61,-44000
191.15,-45000
190.37,-46000
190.76,-47000
191.67,-48000
193.28,-49000
196.11,-50000
199.21,-51000
203.56,-52000
208.46,-53000
213.81,-54000
219.68,-55000
225.87,-56000
232.41,-57000
239.74,-58000
247,-59000
254.08,-60000
261.21,-61000
268.4,-62000
275.76,-63000
282.45,-64000
289.38,-65000
295.79,-66000
300.8,-67000
306.2,-68000
310.78,-69000
314.26,-70000
317.65,-71000
318.87,-72000
320.09,-73000
321.18,-74000
321,-75000
319.23,-76000
317.37,-77000
315.19,-78000
311.44,-79000
307.13,-80000
303.32,-81000
298.1,-82000
291.58,-83000
285.86,-84000
279.97,-85000
273.5,-86000
267.47,-87000
261.25,-88000
255.24,-89000
249.12,-90000
243.95,-91000
238.86,-92000
234.07,-93000
230.42,-94000
227.57,-95000
225.5,-96000
224.39,-97000
223.55,-98000
223.63,-99000
225.02,-100000
226.58,-101000
228.92,-102000
231.34,-103000
234.64,-104000
238.27,-105000
241.72,-106000
245.88,-107000
249.62,-108000
253.31,-109000
257.07,-110000
260.53,-111000
264.52,-112000
267.39,-113000
270.19,-114000
272.62,-115000
274.72,-116000
276.23,-117000
277.77,-118000
278.35,-119000
278.61,-120000
278.88,-121000
278.05,-122000
277.36,-123000
276.23,-124000
274.56,-125000
272.47,-126000
270.02,-127000
267.18,-128000
263.82,-129000
260.89,-130000
256.74,-131000
253.11,-132000
249.24,-133000
245.16,-134000
240.89,-135000
236.5,-136000
232.38,-137000
228.4,-138000
224.03,-139000
220.58,-140000
217.3,-141000
214.4,-142000
211.38,-143000
209.24,-144000
207.61,-145000
206.81,-146000
206.57,-147000
207.1,-148000
208.49,-149000
210.66,-150000
213.6,-151000
216.83,-152000
221.14,-153000
226.18,-154000
231.29,-155000
237.39,-156000
243.86,-157000
250.23,-158000
256.8,-159000
263.38,-160000
270.21,-161000
276.45,-162000
283.09,-163000
289.52,-164000
294.57,-165000
300.33,-166000
304.38,-167000
308.14,-168000
310.98,-169000
313.11,-170000
314.36,-171000
315.1,-172000
315.01,-173000
313.43,-174000
311.94,-175000
308.26,-176000
305.22,-177000
300.48,-178000
295.55,-179000
289.86,-180000
283.41,-181000
276.61,-182000
269.54,-183000
262.75,-184000
255.39,-185000
247.99,-186000
240.95,-187000
234.31,-188000
227.33,-189000
220.61,-190000
214.85,-191000
209.42,-192000
204.24,-193000
200.4,-194000
196.55,-195000
193.71,-196000
191.61,-197000
190.62,-198000
189.83,-199000
190.3,-200000
191.51,-201000
193.23,-202000
195.55,-203000
198.46,-204000
202.31,-205000
206.41,-206000
210.91,-207000
215.55,-208000
220.37,-209000
225.3,-210000
230.64,-211000
235.5,-212000
240.59,-213000
245.77,-214000
250.36,-215000
254.88,-216000
258.86,-217000
262.55,-218000
265.85,-219000
268.69,-220000
271.52,-221000
273.24,-222000
274.49,-223000
275.21,-224000
275.29,-225000
275.39,-226000
274.63,-227000
273.15,-228000
271.19,-229000
268.73,-230000
266.2,-231000
263.27,-232000
259.56,-233000
256.12,-234000
252.46,-235000
248.19,-236000
244.74,-237000
240.48,-238000
237.16,-239000
233.55,-240000
230.19,-241000
227.23,-242000
224.66,-243000
222.8,-244000
221.3,-245000
220.51,-246000
220.37,-247000
220.45,-248000
221.83,-249000
223.36,-250000
225.97,-251000
228.91,-252000
232.8,-253000
236.77,-254000
241.72,-255000
246.66,-256000
251.83,-257000
257.77,-258000
263.5,-259000
269.32,-260000
275.28,-261000
281.68,-262000
287.3,-263000
293.1,-264000
298.29,-265000
303.75,-266000
308.82,-267000
312.96,-268000
316.65,-269000
319.84,-270000
323.1,-271000
326.06,-272000
327.53,-273000
327.66,-274000
327.9,-275000
327.46,-276000
326.41,-277000
323.9,-278000
321.65,-279000
317.92,-280000
314.14,-281000
309.58,-282000
304,-283000
298.52,-284000
292.25,-285000
286.28,-286000
279.62,-287000
272.42,-288000
265.8,-289000
258.87,-290000
252.67,-291000
246.39,-292000
240.11,-293000
234.43,-294000
229.84,-295000
225.23,-296000
221.8,-297000
219.17,-298000
216.86,-299000
215.9,-300000
215.49,-301000
216.28,-302000
217.34,-303000
219.06,-304000
221.32,-305000
223.61,-306000
226.69,-307000
229.93,-308000
232.81,-309000
236.2,-310000
239.09,-311000
241.74,-312000
244.48,-313000
246.74,-314000
248.51,-315000
250.25,-316000
251.24,-317000
252.1,-318000
251.92,-319000
251.85,-320000
251.25,-321000
250.06,-322000
249.04,-323000
246.92,-324000
244.91,-325000
242.34,-326000
239.33,-327000
236.12,-328000
233.09,-329000
229.71,-330000
226.09,-331000
222.63,-332000
218.96,-333000
215.98,-334000
211.91,-335000
209.12,-336000
205.71,-337000
202.79,-338000
199.5,-339000
197.12,-340000
195.16,-341000
193.01,-342000
191.59,-343000
190.42,-344000
189.59,-345000
189.26,-346000
189.97,-347000
190.61,-348000
192.31,-349000
194.65,-350000
197.63,-351000
201.21,-352000
205.9,-353000
210.78,-354000
216.28,-355000
222.8,-356000
229.3,-357000
236.69,-358000
244.03,-359000
251.62,-360000
259.97,-361000
267.99,-362000
276.15,-363000
284.27,-364000
292.23,-365000
299.97,-366000
307.51,-367000
314.65,-368000
321.1,-369000
327.42,-370000
332.86,-371000
337.56,-372000
341.45,-373000
344.81,-374000
347.56,-375000
349.09,-376000
349.89,-377000
350.01,-378000
349.63,-379000
348.46,-380000
346.07,-381000
343.21,-382000
339.87,-383000
335.98,-384000
331.27,-385000
325.94,-386000
320.28,-387000
314.98,-388000
308.7,-389000
302.98,-390000
296.83,-391000
290.92,-392000
284.41,-393000
279.16,-394000
273.9,-395000
268.85,-396000
264.43,-397000
260.54,-398000
257.62,-399000
255.39,-400000
253.62,-401000
252.59,-402000
252.45,-403000
252.96,-404000
254.31,-405000
256.09,-406000
258.55,-407000
261.54,-408000
264.3,-409000
267.86,-410000
271.16,-411000
274.5,-412000
277.97,-413000
281.08,-414000
284.55,-415000
287.3,-416000
289.74,-417000
291.72,-418000
292.97,-419000
293.89,-420000
294.32,-421000
293.98,-422000
293.04,-423000
291.5,-424000
288.65,-425000
285.86,-426000
282.35,-427000
278.31,-428000
273.75,-429000
268.78,-430000
263.3,-431000
257.35,-432000
250.98,-433000
244.34,-434000
237.47,-435000
230.8,-436000
224.18,-437000
217.42,-438000
210.27,-439000
204.17,-440000
198.24,-441000
192.49,-442000
186.99,-443000
181.96,-444000
177.61,-445000
173.9,-446000
170.89,-447000
168.19,-448000
165.88,-449000
164.78,-450000
164.49,-451000
164.18,-452000
165.37,-453000
166.75,-454000
168.81,-455000
171.02,-456000
174.18,-457000
178.2,-458000
182.03,-459000
186.58,-460000
191.82,-461000
197.24,-462000
202.88,-463000
208.5,-464000
214.69,-465000
221.46,-466000
228.18,-467000
234.97,-468000
241.25,-469000
247.63,-470000
254.32,-471000
260.73,-472000
266.75,-473000
272.93,-474000
278.38,-475000
283.8,-476000
288.8,-477000
292.71,-478000
296.72,-479000
300.19,-480000
303.06,-481000
305.32,-482000
307.11,-483000
308.21,-484000
308.97,-485000
309.26,-486000
309.12,-487000
308.05,-488000
307.01,-489000
305.56,-490000
303.59,-491000
301.62,-492000
299.66,-493000
297.84,-494000
295.43,-495000
293.33,-496000
291.59,-497000
289.83,-498000
288.77,-499000
287.98,-500000
287.46,-501000
287.72,-502000
288.61,-503000
290.32,-504000
292.39,-505000
295.1,-506000
298.13,-507000
301.87,-508000
306.23,-509000
310.66,-510000
315.59,-511000
320.88,-512000
326.01,-513000
331.25,-514000
336.37,-515000
341.11,-516000
345.88,-517000
350.43,-518000
353.85,-519000
356.93,-520000
360.04,-521000
362.08,-522000
362.79,-523000
362.82,-524000
362.29,-525000
360.96,-526000
358.85,-527000
355.54,-528000
351.17,-529000
346.22,-530000
340.73,-531000
333.96,-532000
327.14,-533000
319.2,-534000
310.81,-535000
302.44,-536000
292.73,-537000
283.77,-538000
274.64,-539000
264.38,-540000
254.66,-541000
245.54,-542000
236.1,-543000
227.44,-544000
219.16,-545000
210.71,-546000
203.34,-547000
196.95,-548000
190.45,-549000
185.43,-550000
180.37,-551000
176.4,-552000
173.58,-553000
170.88,-554000
169.13,-555000
168.01,-556000
167.98,-557000
167.42,-558000
168.06,-559000
169.42,-560000
170.94,-561000
172.56,-562000
174.41,-563000
176.73,-564000
179.65,-565000
182.69,-566000
185.65,-567000
189.14,-568000
193.1,-569000
197.17,-570000
200.82,-571000
204.84,-572000
209.06,-573000
213.52,-574000
216.88,-575000
221.43,-576000
225.08,-577000
228.88,-578000
232.52,-579000
235.61,-580000
238.93,-581000
241.91,-582000
244.53,-583000
246.6,-584000
248.3,-585000
250.19,-586000
251.62,-587000
252.53,-588000
253.3,-589000
253.57,-590000
253.34,-591000
253.55,-592000
252.81,-593000
252.41,-594000
252.14,-595000
251.57,-596000
250.51,-597000
250.06,-598000
249.76,-599000
249.23,-600000
249.5,-601000
250.21,-602000
251.03,-603000
252.61,-604000
254.42,-605000
256.88,-606000
260.02,-607000
264.19,-608000
268.57,-609000
273.21,-610000
278.86,-611000
285.17,-612000
291.42,-613000
298.65,-614000
305.86,-615000
313.35,-616000
321.12,-617000
328.59,-618000
336.51,-619000
344.4,-620000
351.37,-621000
358.73,-622000
365.39,-623000
371.76,-624000
377.4,-625000
382.9,-626000
386.78,-627000
390.87,-628000
393.6,-629000
395.7,-630000
396.55,-631000
397.29,-632000
395.97,-633000
394.62,-634000
392.07,-635000
388.73,-636000
383.87,-637000
378.72,-638000
372.66,-639000
365.93,-640000
358.33,-641000
349.95,-642000
341.78,-643000
332.88,-644000
323.99,-645000
314.51,-646000
305.23,-647000
296.14,-648000
286.79,-649000
277.97,-650000
269.65,-651000
261.89,-652000
254.07,-653000
247.8,-654000
241.7,-655000
236.56,-656000
231.89,-657000
228.45,-658000
225.44,-659000
223.11,-660000
221.51,-661000
220.53,-662000
219.4,-663000
219.1,-664000
218.55,-665000
218.49,-666000
218.04,-667000
217.89,-668000
217.07,-669000
216.56,-670000
215.69,-671000
214.47,-672000
212.95,-673000
210.96,-674000
209.17,-675000
207.59,-676000
205.85,-677000
203.48,-678000
201.37,-679000
199.61,-680000
197.55,-681000
195.66,-682000
193.7,-683000
191.96,-684000
191.23,-685000
189.61,-686000
189.05,-687000
188.23,-688000
187.78,-689000
187.73,-690000
188.05,-691000
188.21,-692000
188.67,-693000
189.53,-694000
190.18,-695000
191.23,-696000
192.09,-697000
192.53,-698000
194.08,-699000
194.7,-700000
195.96,-701000
196.89,-702000
198.02,-703000
199.17,-704000
200.22,-705000
202.13,-706000
203.59,-707000
205.9,-708000
208.3,-709000
211.07,-710000
214.83,-711000
218.8,-712000
223.33,-713000
228.51,-714000
234.3,-715000
240.8,-716000
247.35,-717000
254.84,-718000
262.46,-719000
270.87,-720000
279.17,-721000
287.77,-722000
296.66,-723000
305.1,-724000
313.15,-725000
321.55,-726000
329.87,-727000
337.95,-728000
345.39,-729000
352.33,-730000
358.14,-731000
364.34,-732000
369.2,-733000
373.61,-734000
377.38,-735000
379.93,-736000
381.72,-737000
382.9,-738000
383.48,-739000
382.66,-740000
381.86,-741000
379.41,-742000
376.81,-743000
373.72,-744000
369.59,-745000
365.14,-746000
359.69,-747000
354.04,-748000
348.28,-749000
341.79,-750000
335.29,-751000
328.89,-752000
322.13,-753000
315.5,-754000
309.21,-755000
303.23,-756000
297.27,-757000
291.82,-758000
286.95,-759000
282.4,-760000
278.94,-761000
275.55,-762000
272.96,-763000
271.28,-764000
269.88,-765000
269.2,-766000
269.68,-767000
269.83,-768000
271.01,-769000
272.24,-770000
273.82,-771000
275.13,-772000
277.06,-773000
278.63,-774000
280.16,-775000
280.98,-776000
282.06,-777000
282.58,-778000
282.39,-779000
281.79,-780000
280.86,-781000
278.83,-782000
276.76,-783000
273.51,-784000
269.76,-785000
265.38,-786000
260.53,-787000
255.74,-788000
249.96,-789000
243.8,-790000
237.27,-791000
230.4,-792000
223.3,-793000
216.53,-794000
209.12,-795000
202.16,-796000
195.09,-797000
188.03,-798000
181.49,-799000
175.2,-800000
169.53,-801000
163.93,-802000
158.94,-803000
154.75,-804000
150.49,-805000
147.69,-806000
144.99,-807000
142.37,-808000
140.93,-809000
140.2,-810000
139.64,-811000
140.18,-812000
140.95,-813000
141.9,-814000
144.07,-815000
146.51,-816000
149.69,-817000
153.74,-818000
158.09,-819000
162.81,-820000
168.4,-821000
174.39,-822000
181.35,-823000
188.64,-824000
196.29,-825000
204.91,-826000
213.76,-827000
222.86,-828000
232.31,-829000
241.75,-830000
251.53,-831000
260.77,-832000
270.48,-833000
280.09,-834000
289.45,-835000
298.06,-836000
307.19,-837000
315.07,-838000
322.32,-839000
329.33,-840000
335.53,-841000
341.57,-842000
346.5,-843000
350.15,-844000
353.8,-845000
356.3,-846000
357.83,-847000
358.53,-848000
358.59,-849000
358.04,-850000
357.06,-851000
355.13,-852000
352.96,-853000
349.53,-854000
346.36,-855000
343.09,-856000
338.87,-857000
335.18,-858000
330.74,-859000
326.51,-860000
322.57,-861000
318.54,-862000
315.22,-863000
311.63,-864000
308.54,-865000
306,-866000
304.24,-867000
302.53,-868000
301.45,-869000
300.5,-870000
300.3,-871000
300.55,-872000
301.31,-873000
302.25,-874000
303.5,-875000
305.17,-876000
306.76,-877000
308.56,-878000
310.43,-879000
311.97,-880000
314.1,-881000
315.61,-882000
316.94,-883000
317.68,-884000
318.82,-885000
318.93,-886000
318.86,-887000
318.31,-888000
317.15,-889000
315.77,-890000
313.23,-891000
310.69,-892000
307.17,-893000
303.13,-894000
299.16,-895000
294.13,-896000
288.79,-897000
283.07,-898000
276.35,-899000
270.06,-900000
263.46,-901000
256.55,-902000
249.19,-903000
242.24,-904000
235.22,-905000
227.71,-906000
221.03,-907000
214.23,-908000
207.85,-909000
201.7,-910000
195.84,-911000
190.28,-912000
185.66,-913000
180.89,-914000
177.03,-915000
173.59,-916000
170.56,-917000
168.34,-918000
166.09,-919000
164.48,-920000
163.76,-921000
162.79,-922000
162.54,-923000
162.94,-924000
163.5,-925000
164.23,-926000
165.52,-927000
167.42,-928000
169.44,-929000
171.49,-930000
174.13,-931000
177.28,-932000
180.64,-933000
184.18,-934000
188.58,-935000
192.98,-936000
197.86,-937000
202.41,-938000
207.74,-939000
212.87,-940000
218.48,-941000
223.86,-942000
229.01,-943000
234.5,-944000
239.85,-945000
245.56,-946000
250.25,-947000
255.21,-948000
259.87,-949000
264.72,-950000
268.47,-951000
272.56,-952000
275.59,-953000
278.69,-954000
281.45,-955000
283.84,-956000
285.78,-957000
287.12,-958000
288.54,-959000
289.5,-960000
289.91,-961000
290.8,-962000
291.17,-963000
291.25,-964000
291.73,-965000
292.1,-966000
292.22,-967000
292.66,-968000
293.19,-969000
294.12,-970000
295.05,-971000
296.36,-972000
298.08,-973000
299.74,-974000
301.95,-975000
304.58,-976000
307.59,-977000
310.55,-978000
313.48,-979000
316.66,-980000
320.19,-981000
323.93,-982000
327.35,-983000
330.51,-984000
334.19,-985000
336.9,-986000
340.11,-987000
342.87,-988000
344.79,-989000
346.74,-990000
348.43,-991000
349.93,-992000
350.61,-993000
350.52,-994000
350.66,-995000
349.34,-996000
348.32,-997000
346.26,-998000
343.82,-999000
340.98,-1000000
337.32,-1001000
333.32,-1002000
328.73,-1003000
323.53,-1004000
318.76,-1005000
312.91,-1006000
306.59,-1007000
300.54,-1008000
293.85,-1009000
287.08,-1010000
280.54,-1011000
274.02,-1012000
267.66,-1013000
261.42,-1014000
255.34,-1015000
248.99,-1016000
243.57,-1017000
238.09,-1018000
233.4,-1019000
229.13,-1020000
224.9,-1021000
221.47,-1022000
218.6,-1023000
216.05,-1024000
214.01,-1025000
212.2,-1026000
211.29,-1027000
210.11,-1028000
209.65,-1029000
209.44,-1030000
209.29,-1031000
209.27,-1032000
209.84,-1033000
210.33,-1034000
210.84,-1035000
211.29,-1036000
212.08,-1037000
212.97,-1038000
214,-1039000
215.15,-1040000
215.8,-1041000
217.12,-1042000
218.02,-1043000
218.85,-1044000
219.88,-1045000
220.71,-1046000
221.31,-1047000
222.17,-1048000
222.73,-1049000
223.68,-1050000
223.65,-1051000
224.62,-1052000
224.75,-1053000
225.13,-1054000
225.31,-1055000
225.29,-1056000
225.54,-1057000
225.56,-1058000
225.45,-1059000
225.83,-1060000
225.8,-1061000
225.85,-1062000
225.65,-1063000
225.38,-1064000
225.64,-1065000
225.73,-1066000
226.07,-1067000
226.31,-1068000
226.69,-1069000
227.77,-1070000
228.38,-1071000
229.76,-1072000
231.41,-1073000
233.13,-1074000
235.38,-1075000
237.85,-1076000
240.56,-1077000
243.64,-1078000
246.96,-1079000
250.61,-1080000
254.53,-1081000
258.69,-1082000
263.57,-1083000
268.13,-1084000
272.92,-1085000
277.8,-1086000
282.72,-1087000
287.68,-1088000
292.8,-1089000
297.16,-1090000
302.01,-1091000
306.36,-1092000
310.93,-1093000
314.83,-1094000
318.6,-1095000
322.08,-1096000
324.74,-1097000
327.71,-1098000
329.95,-1099000
331.74,-1100000
333.46,-1101000
334.3,-1102000
335.31,-1103000
335.62,-1104000
335.39,-1105000
335.17,-1106000
334.22,-1107000
333.26,-1108000
331.87,-1109000
330.04,-1110000
328.09,-1111000
325.76,-1112000
323.14,-1113000
320.46,-1114000
317.77,-1115000
314.35,-1116000
311.24,-1117000
308.21,-1118000
304.86,-1119000
301.71,-1120000
298.96,-1121000
295.79,-1122000
292.92,-1123000
290.45,-1124000
287.76,-1125000
285.41,-1126000
283.58,-1127000
282,-1128000
280.38,-1129000
279.1,-1130000
278.14,-1131000
277.58,-1132000
276.89,-1133000
276.47,-1134000
276.23,-1135000
276.16,-1136000
276.35,-1137000
276.52,-1138000
276.24,-1139000
276.07,-1140000
276.22,-1141000
275.69,-1142000
275.36,-1143000
275.04,-1144000
273.98,-1145000
272.64,-1146000
271.87,-1147000
269.92,-1148000
268.42,-1149000
265.94,-1150000
263.72,-1151000
261.7,-1152000
258.92,-1153000
255.78,-1154000
252.85,-1155000
249.76,-1156000
246.36,-1157000
243.2,-1158000
239.94,-1159000
236.46,-1160000
233.33,-1161000
230.05,-1162000
226.71,-1163000
223.81,-1164000
220.83,-1165000
217.88,-1166000
215.57,-1167000
213.68,-1168000
211.38,-1169000
209.62,-1170000
208.45,-1171000
207.04,-1172000
206.17,-1173000
206.02,-1174000
205.48,-1175000
205.75,-1176000
206.18,-1177000
207.33,-1178000
208.29,-1179000
209.96,-1180000
211.82,-1181000
214.55,-1182000
217.03,-1183000
219.62,-1184000
223.01,-1185000
226.61,-1186000
230.34,-1187000
234.23,-1188000
237.64,-1189000
241.69,-1190000
246.13,-1191000
250.22,-1192000
254.24,-1193000
257.95,-1194000
261.77,-1195000
265.36,-1196000
268.67,-1197000
271.85,-1198000
274.88,-1199000
277.51,-1200000
279.87,-1201000
282.06,-1202000
283.89,-1203000
285.41,-1204000
286.67,-1205000
287.63,-1206000
288.29,-1207000
288.86,-1208000
288.57,-1209000
288.75,-1210000
288.77,-1211000
287.93,-1212000
287.73,-1213000
287.42,-1214000
286.81,-1215000
286.44,-1216000
285.6,-1217000
285.04,-1218000
284.79,-1219000
284.4,-1220000
284.15,-1221000
283.79,-1222000
283.79,-1223000
283.94,-1224000
284.29,-1225000
284.73,-1226000
284.94,-1227000
285.84,-1228000
286.47,-1229000
287.28,-1230000
288.72,-1231000
289.89,-1232000
290.79,-1233000
292.35,-1234000
293.95,-1235000
295.22,-1236000
296.68,-1237000
298.17,-1238000
299.82,-1239000
301.44,-1240000
302.83,-1241000
304.62,-1242000
306.01,-1243000
307.09,-1244000
308.54,-1245000
309.56,-1246000
310.68,-1247000
311.7,-1248000
312.67,-1249000
313.17,-1250000
313.65,-1251000
313.89,-1252000
314.17,-1253000
314.29,-1254000
313.78,-1255000
312.97,-1256000
312.13,-1257000
310.61,-1258000
308.89,-1259000
307.49,-1260000
304.89,-1261000
302.59,-1262000
300.24,-1263000
297.18,-1264000
293.92,-1265000
290.61,-1266000
287.19,-1267000
283.61,-1268000
280.04,-1269000
275.96,-1270000
272.39,-1271000
268.3,-1272000
264.85,-1273000
260.95,-1274000
257.66,-1275000
254.08,-1276000
250.62,-1277000
247.8,-1278000
244.72,-1279000
242.35,-1280000
240.06,-1281000
238.02,-1282000
236.17,-1283000
234.45,-1284000
233.36,-1285000
231.91,-1286000
231.02,-1287000
230.23,-1288000
230.16,-1289000
229.49,-1290000
229.9,-1291000
229.85,-1292000
230.4,-1293000
230.71,-1294000
231.08,-1295000
231.96,-1296000
232.71,-1297000
233.25,-1298000
234.36,-1299000
235.16,-1300000
235.83,-1301000
236.91,-1302000
237.77,-1303000
238.35,-1304000
239.36,-1305000
240.15,-1306000
240.69,-1307000
241.06,-1308000
241.75,-1309000
242.17,-1310000
241.82,-1311000
242.46,-1312000
242.33,-1313000
242,-1314000
242.33,-1315000
241.81,-1316000
241.56,-1317000
240.96,-1318000
241.1,-1319000
240.86,-1320000
240.89,-1321000
241.03,-1322000
240.78,-1323000
241.21,-1324000
241.83,-1325000
242.63,-1326000
243.7,-1327000
244.55,-1328000
246.07,-1329000
247.84,-1330000
249.4,-1331000
251.6,-1332000
253.56,-1333000
255.64,-1334000
258.45,-1335000
260.82,-1336000
263.31,-1337000
265.92,-1338000
268.95,-1339000
271.57,-1340000
274.17,-1341000
276.69,-1342000
278.62,-1343000
280.98,-1344000
283.18,-1345000
285.19,-1346000
286.61,-1347000
288.37,-1348000
289.44,-1349000
290.79,-1350000
291.58,-1351000
292.69,-1352000
293.14,-1353000
293.54,-1354000
294.33,-1355000
294.5,-1356000
294.76,-1357000
294.94,-1358000
295.07,-1359000
295.27,-1360000
295.02,-1361000
295.27,-1362000
295.62,-1363000
295.64,-1364000
295.72,-1365000
296.26,-1366000
296.59,-1367000
297.01,-1368000
297.54,-1369000
298.17,-1370000
298.5,-1371000
299.37,-1372000
299.93,-1373000
300.6,-1374000
301.3,-1375000
302.17,-1376000
302.66,-1377000
303.21,-1378000
304.25,-1379000
304.96,-1380000
305.26,-1381000
305.99,-1382000
306.41,-1383000
306.75,-1384000
307.28,-1385000
307.86,-1386000
307.94,-1387000
308.03,-1388000
308.14,-1389000
308.23,-1390000
307.76,-1391000
307.27,-1392000
306.92,-1393000
306.25,-1394000
305.66,-1395000
304.32,-1396000
302.9,-1397000
301.2,-1398000
299.48,-1399000
297.59,-1400000
295.4,-1401000
292.55,-1402000
289.51,-1403000
286.8,-1404000
283.31,-1405000
279.71,-1406000
275.72,-1407000
271.65,-1408000
267.44,-1409000
262.91,-1410000
258.33,-1411000
253.63,-1412000
248.72,-1413000
243.81,-1414000
239.24,-1415000
234.3,-1416000
229.69,-1417000
225.28,-1418000
220.74,-1419000
216.45,-1420000
212.59,-1421000
209.02,-1422000
205.42,-1423000
202.49,-1424000
199.87,-1425000
197.28,-1426000
195.37,-1427000
193.69,-1428000
192.67,-1429000
191.82,-1430000
191.15,-1431000
191.24,-1432000
191.43,-1433000
192.33,-1434000
193.45,-1435000
195.17,-1436000
197.08,-1437000
199.13,-1438000
201.78,-1439000
204.53,-1440000
207.34,-1441000
210.73,-1442000
214.12,-1443000
217.47,-1444000
221.41,-1445000
224.68,-1446000
228.37,-1447000
231.96,-1448000
235.43,-1449000
238.72,-1450000
242.33,-1451000
245.23,-1452000
247.81,-1453000
250.75,-1454000
252.87,-1455000
255.15,-1456000
256.74,-1457000
258.12,-1458000
259.64,-1459000
260.45,-1460000
261.04,-1461000
261.58,-1462000
262.28,-1463000
262.57,-1464000
262.25,-1465000
262.45,-1466000
262.89,-1467000
262.89,-1468000
263.42,-1469000
263.73,-1470000
264.4,-1471000
265.33,-1472000
266.54,-1473000
267.7,-1474000
269.69,-1475000
271.51,-1476000
274.25,-1477000
276.97,-1478000
279.85,-1479000
283.15,-1480000
286.29,-1481000
290.07,-1482000
293.65,-1483000
297.44,-1484000
301.26,-1485000
305.17,-1486000
309.19,-1487000
313.09,-1488000
316.49,-1489000
320.33,-1490000
323.54,-1491000
326.62,-1492000
329.55,-1493000
331.75,-1494000
334.04,-1495000
335.83,-1496000
337.33,-1497000
338.43,-1498000
339.43,-1499000
340.14,-1500000
340.13,-1501000
340.36,-1502000
339.79,-1503000
339.02,-1504000
337.44,-1505000
336.11,-1506000
334.17,-1507000
331.91,-1508000
329.53,-1509000
327.12,-1510000
324.4,-1511000
321.06,-1512000
317.73,-1513000
314.28,-1514000
310.74,-1515000
306.72,-1516000
302.71,-1517000
298.72,-1518000
294.76,-1519000
290.7,-1520000
286.26,-1521000
281.96,-1522000
277.96,-1523000
273.81,-1524000
269.91,-1525000
265.86,-1526000
261.85,-1527000
258.08,-1528000
254.6,-1529000
251.31,-1530000
247.73,-1531000
244.94,-1532000
241.84,-1533000
238.92,-1534000
236.21,-1535000
233.71,-1536000
231.27,-1537000
228.92,-1538000
226.7,-1539000
224.46,-1540000
222.24,-1541000
220.12,-1542000
217.81,-1543000
215.45,-1544000
213.65,-1545000
211.08,-1546000
209.03,-1547000
206.76,-1548000
204.95,-1549000
202.98,-1550000
200.89,-1551000
198.59,-1552000
196.63,-1553000
195.11,-1554000
193.49,-1555000
191.66,-1556000
190.77,-1557000
189.25,-1558000
188.6,-1559000
187.33,-1560000
186.89,-1561000
186.43,-1562000
186.34,-1563000
186.1,-1564000
186.42,-1565000
186.98,-1566000
187.38,-1567000
188.18,-1568000
188.86,-1569000
189.44,-1570000
190.46,-1571000
191.94,-1572000
192.88,-1573000
194.4,-1574000
196.41,-1575000
198.09,-1576000
199.82,-1577000
202.37,-1578000
205.06,-1579000
208.09,-1580000
211.5,-1581000
215.29,-1582000
219.05,-1583000
223.71,-1584000
228.79,-1585000
234.38,-1586000
240.41,-1587000
246.37,-1588000
253.11,-1589000
259.73,-1590000
266.64,-1591000
273.71,-1592000
280.95,-1593000
288.33,-1594000
295.24,-1595000
301.84,-1596000
308.65,-1597000
315.24,-1598000
320.74,-1599000
326.27,-1600000
331.46,-1601000
335.41,-1602000
339.71,-1603000
342.59,-1604000
345.41,-1605000
347.31,-1606000
348.72,-1607000
349.63,-1608000
350.18,-1609000
349.83,-1610000
349.13,-1611000
347.48,-1612000
345.65,-1613000
343.61,-1614000
341.19,-1615000
338.35,-1616000
335.33,-1617000
332.28,-1618000
329.17,-1619000
325.89,-1620000
322.59,-1621000
319.49,-1622000
316.19,-1623000
313.14,-1624000
310.25,-1625000
307.74,-1626000
305.66,-1627000
303.21,-1628000
301.27,-1629000
299.61,-1630000
297.76,-1631000
296.69,-1632000
295.45,-1633000
294.48,-1634000
293.69,-1635000
293.22,-1636000
292.41,-1637000
291.79,-1638000
291.84,-1639000
291.48,-1640000
290.65,-1641000
290.45,-1642000
290.31,-1643000
289.53,-1644000
288.64,-1645000
287.84,-1646000
286.71,-1647000
285.48,-1648000
284.11,-1649000
282.39,-1650000
279.95,-1651000
277.84,-1652000
274.85,-1653000
271.6,-1654000
268.02,-1655000
264.78,-1656000
260.68,-1657000
256.34,-1658000
251.56,-1659000
246.77,-1660000
241.53,-1661000
236.08,-1662000
230.59,-1663000
224.87,-1664000
219.04,-1665000
212.88,-1666000
206.82,-1667000
200.71,-1668000
195.36,-1669000
189.78,-1670000
184.23,-1671000
178.97,-1672000
174.08,-1673000
169.53,-1674000
165.07,-1675000
161.26,-1676000
157.58,-1677000
154.1,-1678000
151.38,-1679000
149.16,-1680000
147.29,-1681000
146.07,-1682000
145.45,-1683000
145.13,-1684000
145.43,-1685000
145.99,-1686000
147.24,-1687000
148.74,-1688000
151.47,-1689000
154.32,-1690000
157.68,-1691000
161.58,-1692000
165.77,-1693000
170.77,-1694000
176.48,-1695000
182.43,-1696000
188.59,-1697000
195.49,-1698000
202.49,-1699000
209.64,-1700000
217.46,-1701000
225.29,-1702000
233.1,-1703000
240.8,-1704000
248.55,-1705000
255.83,-1706000
263.69,-1707000
270.8,-1708000
277.26,-1709000
283.56,-1710000
289.4,-1711000
294.77,-1712000
299.63,-1713000
304.04,-1714000
307.3,-1715000
310.64,-1716000
313.02,-1717000
314.82,-1718000
316.11,-1719000
317.09,-1720000
317.49,-1721000
317.25,-1722000
316.87,-1723000
315.99,-1724000
314.97,-1725000
314.1,-1726000
312.97,-1727000
311.91,-1728000
311.18,-1729000
310.39,-1730000
309.69,-1731000
309.87,-1732000
310.26,-1733000
310.75,-1734000
311.79,-1735000
313.47,-1736000
315.28,-1737000
317.58,-1738000
320.35,-1739000
323.2,-1740000
326.37,-1741000
329.35,-1742000
332.64,-1743000
335.57,-1744000
339.07,-1745000
341.64,-1746000
344.67,-1747000
347.25,-1748000
349,-1749000
351.02,-1750000
351.83,-1751000
352.87,-1752000
352.97,-1753000
352.82,-1754000
352.07,-1755000
350.56,-1756000
348.94,-1757000
346.36,-1758000
342.86,-1759000
339.39,-1760000
334.86,-1761000
330.09,-1762000
324.83,-1763000
319.11,-1764000
313.06,-1765000
306.17,-1766000
299.51,-1767000
292.35,-1768000
284.96,-1769000
277.05,-1770000
269.36,-1771000
261.58,-1772000
253.8,-1773000
246.02,-1774000
238.32,-1775000
230.73,-1776000
222.99,-1777000
216.61,-1778000
209.66,-1779000
202.96,-1780000
197.07,-1781000
191.03,-1782000
185.82,-1783000
180.98,-1784000
176.56,-1785000
173,-1786000
169.72,-1787000
166.88,-1788000
164.32,-1789000
162.05,-1790000
160.55,-1791000
159.27,-1792000
158.67,-1793000
157.86,-1794000
158.11,-1795000
158.01,-1796000
158.52,-1797000
159.63,-1798000
160.79,-1799000
162.52,-1800000
164.33,-1801000
166.12,-1802000
168.44,-1803000
171.33,-1804000
174.11,-1805000
177.48,-1806000
180.77,-1807000
184.51,-1808000
188.1,-1809000
192.33,-1810000
196.16,-1811000
199.94,-1812000
204.08,-1813000
208.69,-1814000
212.36,-1815000
216.31,-1816000
219.98,-1817000
224.06,-1818000
227.56,-1819000
230.76,-1820000
233.63,-1821000
236.05,-1822000
238.67,-1823000
240.97,-1824000
242.81,-1825000
244.3,-1826000
245.55,-1827000
247.05,-1828000
247.76,-1829000
248.35,-1830000
249.36,-1831000
249.86,-1832000
250.93,-1833000
251.5,-1834000
252.5,-1835000
253.75,-1836000
255.46,-1837000
257.6,-1838000
260.3,-1839000
263.31,-1840000
266.86,-1841000
271.7,-1842000
276.66,-1843000
281.89,-1844000
288.21,-1845000
294.63,-1846000
301.68,-1847000
309.09,-1848000
316.87,-1849000
324.55,-1850000
332.45,-1851000
339.58,-1852000
347.67,-1853000
354.69,-1854000
361.69,-1855000
368.04,-1856000
373.84,-1857000
378.66,-1858000
383.36,-1859000
387.63,-1860000
390.66,-1861000
392.39,-1862000
393.64,-1863000
394.15,-1864000
393.34,-1865000
392.04,-1866000
389.78,-1867000
386.48,-1868000
382.65,-1869000
377.78,-1870000
372.27,-1871000
366.54,-1872000
359.48,-1873000
352,-1874000
344.87,-1875000
337.01,-1876000
328.59,-1877000
320.1,-1878000
311.65,-1879000
303.3,-1880000
294.65,-1881000
286.29,-1882000
278.24,-1883000
270.55,-1884000
262.93,-1885000
255.81,-1886000
249.54,-1887000
243.13,-1888000
237.76,-1889000
232.57,-1890000
228.02,-1891000
224.04,-1892000
220.61,-1893000
217.59,-1894000
214.99,-1895000
212.34,-1896000
210.46,-1897000
208.86,-1898000
207.32,-1899000
205.86,-1900000
204.49,-1901000
203.06,-1902000
202.03,-1903000
200.38,-1904000
199.16,-1905000
197.69,-1906000
196.6,-1907000
195.18,-1908000
194.32,-1909000
193.2,-1910000
191.82,-1911000
190.6,-1912000
189.91,-1913000
189.02,-1914000
188.44,-1915000
187.57,-1916000
187.18,-1917000
187.12,-1918000
186.79,-1919000
186.84,-1920000
186.67,-1921000
187.52,-1922000
187.56,-1923000
188.51,-1924000
188.65,-1925000
189.73,-1926000
190.61,-1927000
191.15,-1928000
192.04,-1929000
192.66,-1930000
193.08,-1931000
193.86,-1932000
194.17,-1933000
194.5,-1934000
195.2,-1935000
195.76,-1936000
195.94,-1937000
196.44,-1938000
196.96,-1939000
197.7,-1940000
198.83,-1941000
200.09,-1942000
202.24,-1943000
204.45,-1944000
207.21,-1945000
210.49,-1946000
214.01,-1947000
218.81,-1948000
224.06,-1949000
230.16,-1950000
236.79,-1951000
243.57,-1952000
251.44,-1953000
259.22,-1954000
267.9,-1955000
276.35,-1956000
285.13,-1957000
293.87,-1958000
302.62,-1959000
311.35,-1960000
319.83,-1961000
327.7,-1962000
335.22,-1963000
342.24,-1964000
348.72,-1965000
354.17,-1966000
359.02,-1967000
362.96,-1968000
366.38,-1969000
369.07,-1970000
370.28,-1971000
371.45,-1972000
371.35,-1973000
370.38,-1974000
368.25,-1975000
365.78,-1976000
362.58,-1977000
358.76,-1978000
354.13,-1979000
349.11,-1980000
343.33,-1981000
337.4,-1982000
331.93,-1983000
325.47,-1984000
319.6,-1985000
312.94,-1986000
306.56,-1987000
301,-1988000
295.4,-1989000
290.33,-1990000
285.38,-1991000
281.47,-1992000
277.9,-1993000
274.87,-1994000
272.41,-1995000
270.23,-1996000
268.82,-1997000
267.99,-1998000
267.87,-1999000
268.26,-2000000
268.84,-2001000
269.68,-2002000
270.46,-2003000
271.51,-2004000
272.73,-2005000
274.04,-2006000
274.83,-2007000
276.13,-2008000
276.73,-2009000
276.61,-2010000
276.76,-2011000
276.03,-2012000
275.48,-2013000
274.18,-2014000
272.23,-2015000
270,-2016000
266.68,-2017000
263.51,-2018000
260.01,-2019000
255.92,-2020000
251.53,-2021000
246.2,-2022000
240.94,-2023000
235.47,-2024000
229.78,-2025000
224.24,-2026000
217.96,-2027000
212.1,-2028000
206.03,-2029000
199.79,-2030000
193.99,-2031000
188.34,-2032000
182.63,-2033000
177.45,-2034000
172.8,-2035000
168.36,-2036000
164.29,-2037000
160.65,-2038000
157.35,-2039000
154.69,-2040000
152.76,-2041000
150.95,-2042000
149.7,-2043000
148.7,-2044000
148.81,-2045000
148.73,-2046000
149.85,-2047000
151.23,-2048000
152.96,-2049000
155.54,-2050000
158.55,-2051000
162.53,-2052000
166.76,-2053000
171.73,-2054000
177.53,-2055000
183.39,-2056000
190.25,-2057000
197.53,-2058000
205.76,-2059000
213.87,-2060000
222.85,-2061000
231.51,-2062000
240.79,-2063000
250.13,-2064000
259.55,-2065000
268.78,-2066000
277.43,-2067000
286.22,-2068000
294.58,-2069000
302.4,-2070000
309.19,-2071000
316.16,-2072000
321.85,-2073000
326.89,-2074000
330.47,-2075000
333.87,-2076000
336,-2077000
337.18,-2078000
337.65,-2079000
336.83,-2080000
335.82,-2081000
333.58,-2082000
330.77,-2083000
327.57,-2084000
322.82,-2085000
318.27,-2086000
313.62,-2087000
308.38,-2088000
303.16,-2089000
298.13,-2090000
292.4,-2091000
287.53,-2092000
283.06,-2093000
278.72,-2094000
275.01,-2095000
271.63,-2096000
269.6,-2097000
267.65,-2098000
266.16,-2099000
265.89,-2100000
266.34,-2101000
267.16,-2102000
268.67,-2103000
270.6,-2104000
273.33,-2105000
276.27,-2106000
279.17,-2107000
282.28,-2108000
285.61,-2109000
288.96,-2110000
292.29,-2111000
295.64,-2112000
298.26,-2113000
300.63,-2114000
302.77,-2115000
304.75,-2116000
306.16,-2117000
307.22,-2118000
307.81,-2119000
307.38,-2120000
307.07,-2121000
305.69,-2122000
303.79,-2123000
301.36,-2124000
298.56,-2125000
295.35,-2126000
291.48,-2127000
287.5,-2128000
282.47,-2129000
277.49,-2130000
271.88,-2131000
266.3,-2132000
260.69,-2133000
254.31,-2134000
248.11,-2135000
241.83,-2136000
235.52,-2137000
228.76,-2138000
222.59,-2139000
216.57,-2140000
210.8,-2141000
205.07,-2142000
199.9,-2143000
195.32,-2144000
191.14,-2145000
187.4,-2146000
184.14,-2147000
181.44,-2148000
179.12,-2149000
177.32,-2150000
176.41,-2151000
175.62,-2152000
175.52,-2153000
175.82,-2154000
176.41,-2155000
177.22,-2156000
178.28,-2157000
179.98,-2158000
181.82,-2159000
184.26,-2160000
186.28,-2161000
188.88,-2162000
192.02,-2163000
195.01,-2164000
198.34,-2165000
201.61,-2166000
205.41,-2167000
209.42,-2168000
212.95,-2169000
217.24,-2170000
221.48,-2171000
225.6,-2172000
229.02,-2173000
233.05,-2174000
236.95,-2175000
241.02,-2176000
244.3,-2177000
247.07,-2178000
250.67,-2179000
253.11,-2180000
255.17,-2181000
256.72,-2182000
257.8,-2183000
259,-2184000
259.51,-2185000
259.48,-2186000
258.36,-2187000
257.47,-2188000
256.81,-2189000
255.23,-2190000
253.12,-2191000
251.19,-2192000
248.32,-2193000
246.06,-2194000
243.95,-2195000
241.62,-2196000
239.8,-2197000
238,-2198000
236.84,-2199000
235.84,-2200000
235.84,-2201000
236.27,-2202000
237.53,-2203000
239.67,-2204000
242.59,-2205000
245.92,-2206000
250.38,-2207000
255.21,-2208000
260.08,-2209000
265.94,-2210000
271.67,-2211000
277.69,-2212000
283.34,-2213000
289.4,-2214000
295.25,-2215000
300.14,-2216000
305.27,-2217000
309.57,-2218000
312.74,-2219000
316.15,-2220000
318.23,-2221000
319.82,-2222000
320.8,-2223000
321,-2224000
320.09,-2225000
318.56,-2226000
316.86,-2227000
313.44,-2228000
310.21,-2229000
306.11,-2230000
301.2,-2231000
295.89,-2232000
290.19,-2233000
284.48,-2234000
278.17,-2235000
272.05,-2236000
265.31,-2237000
259.01,-2238000
252.26,-2239000
246.46,-2240000
240.01,-2241000
234.15,-2242000
229.02,-2243000
223.54,-2244000
219.26,-2245000
214.96,-2246000
211.65,-2247000
208.46,-2248000
206.29,-2249000
204.27,-2250000
203.28,-2251000
202.94,-2252000
203.19,-2253000
203.76,-2254000
204.97,-2255000
206.55,-2256000
208.48,-2257000
210.81,-2258000
213.77,-2259000
216.49,-2260000
219.95,-2261000
222.83,-2262000
226.39,-2263000
229.93,-2264000
233.17,-2265000
236.76,-2266000
239.82,-2267000
243.03,-2268000
245.55,-2269000
248.79,-2270000
250.82,-2271000
252.65,-2272000
254.8,-2273000
256.52,-2274000
256.91,-2275000
257.68,-2276000
257.99,-2277000
257.78,-2278000
257.05,-2279000
255.82,-2280000
254.19,-2281000
251.99,-2282000
249.24,-2283000
246.32,-2284000
243.41,-2285000
239.75,-2286000
235.58,-2287000
231.83,-2288000
227.13,-2289000
222.99,-2290000
218.75,-2291000
213.93,-2292000
209.37,-2293000
205.26,-2294000
201.51,-2295000
197.48,-2296000
193.77,-2297000
190.91,-2298000
188.21,-2299000
185.75,-2300000
184.07,-2301000
183.07,-2302000
183.12,-2303000
183.27,-2304000
184.03,-2305000
185.94,-2306000
188.43,-2307000
191.58,-2308000
195.19,-2309000
199.31,-2310000
203.88,-2311000
209.31,-2312000
214.6,-2313000
220.59,-2314000
226.71,-2315000
233.16,-2316000
239.27,-2317000
245.38,-2318000
251.67,-2319000
257.46,-2320000
262.99,-2321000
268.21,-2322000
273.03,-2323000
277.88,-2324000
281.6,-2325000
284.72,-2326000
287.13,-2327000
288.82,-2328000
289.77,-2329000
290.24,-2330000
289.78,-2331000
288.1,-2332000
286.42,-2333000
284.04,-2334000
280.49,-2335000
276.86,-2336000
272.91,-2337000
268.02,-2338000
263.37,-2339000
258.07,-2340000
252.71,-2341000
247.41,-2342000
241.81,-2343000
236.94,-2344000
232.45,-2345000
227.97,-2346000
224.47,-2347000
221.28,-2348000
218.8,-2349000
217.18,-2350000
216.09,-2351000
216.31,-2352000
216.93,-2353000
218.48,-2354000
220.88,-2355000
223.59,-2356000
227.14,-2357000
230.72,-2358000
234.63,-2359000
239.22,-2360000
243.59,-2361000
248.09,-2362000
252.51,-2363000
256.38,-2364000
260.57,-2365000
264.38,-2366000
268.04,-2367000
270.82,-2368000
273.78,-2369000
276.19,-2370000
278.38,-2371000
279.49,-2372000
280.99,-2373000
281.13,-2374000
281.4,-2375000
280.62,-2376000
279.83,-2377000
278.63,-2378000
276.79,-2379000
274.67,-2380000
272.06,-2381000
268.94,-2382000
265.62,-2383000
262.41,-2384000
258.32,-2385000
254.48,-2386000
250.44,-2387000
246.21,-2388000
241.83,-2389000
237.33,-2390000
233.08,-2391000
228.61,-2392000
224.39,-2393000
220.31,-2394000
215.86,-2395000
212.65,-2396000
208.93,-2397000
205.79,-2398000
202.83,-2399000
201.03,-2400000
199.03,-2401000
197.71,-2402000
197.37,-2403000
197.16,-2404000
198.1,-2405000
199.65,-2406000
201.37,-2407000
204.18,-2408000
207.06,-2409000
211.04,-2410000
215.35,-2411000
219.58,-2412000
224.23,-2413000
229.57,-2414000
234.69,-2415000
239.57,-2416000
245.35,-2417000
250.23,-2418000
255.25,-2419000
259.81,-2420000
263.47,-2421000
267.33,-2422000
270.86,-2423000
273.09,-2424000
275.38,-2425000
276.54,-2426000
277.62,-2427000
277.37,-2428000
276.41,-2429000
275.6,-2430000
273.36,-2431000
270.24,-2432000
267.27,-2433000
263.23,-2434000
258.72,-2435000
253.75,-2436000
248.4,-2437000
242.43,-2438000
237.09,-2439000
230.98,-2440000
224.62,-2441000
218.87,-2442000
212.63,-2443000
207.07,-2444000
201.69,-2445000
196.68,-2446000
192.45,-2447000
188.32,-2448000
185.04,-2449000
182.09,-2450000
180.03,-2451000
178.86,-2452000
178.68,-2453000
179.15,-2454000
180.76,-2455000
182.91,-2456000
185.85,-2457000
189.61,-2458000
193.66,-2459000
198.65,-2460000
203.64,-2461000
209.4,-2462000
215.39,-2463000
221.06,-2464000
227.38,-2465000
233.58,-2466000
240.33,-2467000
246.4,-2468000
252.15,-2469000
257.64,-2470000
263.12,-2471000
267.81,-2472000
272.59,-2473000
276.53,-2474000
279.93,-2475000
282.42,-2476000
284.59,-2477000
286.17,-2478000
287.13,-2479000
287.41,-2480000
287.14,-2481000
286.42,-2482000
284.24,-2483000
282.41,-2484000
279.96,-2485000
276.55,-2486000
272.73,-2487000
269,-2488000
265.4,-2489000
261.08,-2490000
255.9,-2491000
251.61,-2492000
247.41,-2493000
242.9,-2494000
238.65,-2495000
235.17,-2496000
231.65,-2497000
228.58,-2498000
226.16,-2499000
224.19,-2500000
222.39,-2501000
221.72,-2502000
221.66,-2503000
221.88,-2504000
223.25,-2505000
224.73,-2506000
227.31,-2507000
229.92,-2508000
233.04,-2509000
237.11,-2510000
241.06,-2511000
245.29,-2512000
250.26,-2513000
254.93,-2514000
259.65,-2515000
264.34,-2516000
269.64,-2517000
274.21,-2518000
278.69,-2519000
282.96,-2520000
287.42,-2521000
290.71,-2522000
294.49,-2523000
297.12,-2524000
299.76,-2525000
301.32,-2526000
302.91,-2527000
303.19,-2528000
303.28,-2529000
303.49,-2530000
301.81,-2531000
299.94,-2532000
297.68,-2533000
294.54,-2534000
290.53,-2535000
286.23,-2536000
281.4,-2537000
275.56,-2538000
270.41,-2539000
264.12,-2540000
257.34,-2541000
251.46,-2542000
244.26,-2543000
237.69,-2544000
231.24,-2545000
224.5,-2546000
218.59,-2547000
212.61,-2548000
207.36,-2549000
202.58,-2550000
198.52,-2551000
194.82,-2552000
192.77,-2553000
190.91,-2554000
190.75,-2555000
191.1,-2556000
192.3,-2557000
193.97,-2558000
196.61,-2559000
199.87,-2560000
203.57,-2561000
207.82,-2562000
212.11,-2563000
216.05,-2564000
220.63,-2565000
224.5,-2566000
228.8,-2567000
232.4,-2568000
236.35,-2569000
238.92,-2570000
242.07,-2571000
244.07,-2572000
245.81,-2573000
247.38,-2574000
248.37,-2575000
248.92,-2576000
248.72,-2577000
248.62,-2578000
247.43,-2579000
246.15,-2580000
244.46,-2581000
242.28,-2582000
239.64,-2583000
237.1,-2584000
234.34,-2585000
231.06,-2586000
227.76,-2587000
224.57,-2588000
221.17,-2589000
217.51,-2590000
214.65,-2591000
211.36,-2592000
208.35,-2593000
205.05,-2594000
202.65,-2595000
200.07,-2596000
198,-2597000
196.19,-2598000
195.17,-2599000
194.4,-2600000
194.42,-2601000
194.83,-2602000
195.86,-2603000
197.67,-2604000
200.6,-2605000
203.69,-2606000
208.08,-2607000
212.61,-2608000
218.24,-2609000
224.51,-2610000
230.89,-2611000
238.19,-2612000
245.87,-2613000
253.52,-2614000
261.83,-2615000
269.58,-2616000
277.86,-2617000
286.68,-2618000
294.96,-2619000
302.06,-2620000
309.99,-2621000
317.68,-2622000
324.49,-2623000
330.55,-2624000
335.73,-2625000
340.79,-2626000
344.85,-2627000
348.13,-2628000
350.62,-2629000
351.92,-2630000
353.04,-2631000
352.74,-2632000
351.15,-2633000
349.34,-2634000
346.38,-2635000
342.5,-2636000
338.33,-2637000
333.08,-2638000
326.87,-2639000
320.79,-2640000
313.27,-2641000
306.13,-2642000
299.36,-2643000
290.88,-2644000
283.56,-2645000
275.25,-2646000
268.24,-2647000
260.46,-2648000
253.75,-2649000
246.5,-2650000
240.73,-2651000
235.47,-2652000
230.33,-2653000
226.66,-2654000
224.09,-2655000
221.71,-2656000
220.72,-2657000
220.58,-2658000
221.52,-2659000
223.14,-2660000
225.44,-2661000
227.77,-2662000
231.17,-2663000
234.94,-2664000
238.55,-2665000
242.9,-2666000
246.68,-2667000
250.98,-2668000
254.71,-2669000
258.77,-2670000
261.94,-2671000
265.28,-2672000
267.55,-2673000
270.24,-2674000
272.09,-2675000
272.85,-2676000
273.4,-2677000
273.48,-2678000
273.01,-2679000
271.09,-2680000
269.15,-2681000
266.65,-2682000
263.48,-2683000
259.87,-2684000
255.7,-2685000
250.96,-2686000
245.89,-2687000
240.48,-2688000
234.85,-2689000
229.51,-2690000
223.37,-2691000
217.16,-2692000
211.47,-2693000
205.76,-2694000
199.63,-2695000
194.48,-2696000
189.24,-2697000
185.03,-2698000
180.66,-2699000
177.14,-2700000
173.67,-2701000
171.33,-2702000
169.47,-2703000
168.69,-2704000
168.14,-2705000
168.57,-2706000
169.65,-2707000
171.45,-2708000
173.64,-2709000
176.84,-2710000
180.07,-2711000
184.62,-2712000
189.07,-2713000
194.4,-2714000
199.9,-2715000
205.74,-2716000
212.19,-2717000
218.44,-2718000
225.59,-2719000
231.99,-2720000
239.43,-2721000
246.48,-2722000
253.37,-2723000
260.7,-2724000
268.26,-2725000
274.73,-2726000
281.16,-2727000
287.18,-2728000
292.52,-2729000
298.25,-2730000
302.77,-2731000
306.68,-2732000
310.64,-2733000
313.98,-2734000
316.66,-2735000
317.99,-2736000
319.37,-2737000
319.78,-2738000
319.18,-2739000
318.62,-2740000
316.92,-2741000
314.75,-2742000
312.08,-2743000
308.57,-2744000
305.3,-2745000
301.31,-2746000
297.12,-2747000
292.96,-2748000
287.8,-2749000
283.28,-2750000
279.11,-2751000
274.74,-2752000
270.89,-2753000
267.59,-2754000
264.5,-2755000
261.96,-2756000
260.53,-2757000
259.54,-2758000
259.57,-2759000
260.6,-2760000
262.09,-2761000
265.02,-2762000
267.93,-2763000
272.22,-2764000
276.63,-2765000
281.75,-2766000
287.36,-2767000
292.87,-2768000
298.75,-2769000
304.22,-2770000
309.72,-2771000
315.19,-2772000
320.04,-2773000
324.59,-2774000
328.69,-2775000
331.84,-2776000
334.26,-2777000
336.01,-2778000
337.2,-2779000
336.95,-2780000
336.16,-2781000
334.46,-2782000
332.04,-2783000
328.08,-2784000
323.57,-2785000
318.37,-2786000
312.27,-2787000
305.83,-2788000
298.68,-2789000
290.77,-2790000
282.06,-2791000
273.39,-2792000
264.5,-2793000
255.83,-2794000
246.71,-2795000
238.03,-2796000
229.07,-2797000
220.74,-2798000
212.72,-2799000
205.04,-2800000
198.15,-2801000
191.93,-2802000
185.87,-2803000
181,-2804000
176.78,-2805000
173.61,-2806000
170.69,-2807000
168.83,-2808000
167.66,-2809000
166.79,-2810000
167.14,-2811000
167.84,-2812000
168.82,-2813000
170.48,-2814000
172.64,-2815000
174.85,-2816000
177.72,-2817000
180.77,-2818000
184.39,-2819000
187.97,-2820000
191.77,-2821000
195.83,-2822000
200.65,-2823000
204.56,-2824000
209.56,-2825000
214.14,-2826000
218.86,-2827000
224.01,-2828000
228.28,-2829000
232.94,-2830000
237.98,-2831000
241.52,-2832000
245.89,-2833000
249.34,-2834000
252.46,-2835000
255.04,-2836000
258.41,-2837000
260.75,-2838000
261.29,-2839000
263.13,-2840000
263.97,-2841000
264.22,-2842000
263.73,-2843000
263.65,-2844000
263.16,-2845000
261.59,-2846000
259.86,-2847000
258.28,-2848000
255.96,-2849000
253.93,-2850000
251.91,-2851000
249.82,-2852000
247.33,-2853000
245.04,-2854000
243,-2855000
240.94,-2856000
239.71,-2857000
238.95,-2858000
238.05,-2859000
238.36,-2860000
239.54,-2861000
240.81,-2862000
243.36,-2863000
246.26,-2864000
250.32,-2865000
254.84,-2866000
259.91,-2867000
265.55,-2868000
271.82,-2869000
278.61,-2870000
285.78,-2871000
292.71,-2872000
300.48,-2873000
307.87,-2874000
315.43,-2875000
322.73,-2876000
329.74,-2877000
336.17,-2878000
342.74,-2879000
348.57,-2880000
353.78,-2881000
358.29,-2882000
362.21,-2883000
364.92,-2884000
367.6,-2885000
368.98,-2886000
369.1,-2887000
368.32,-2888000
367.51,-2889000
364.82,-2890000
361.78,-2891000
357.85,-2892000
352.49,-2893000
347.35,-2894000
340.75,-2895000
333.67,-2896000
326.75,-2897000
318,-2898000
310.11,-2899000
302.17,-2900000
293.29,-2901000
285.01,-2902000
276.61,-2903000
268.58,-2904000
261.1,-2905000
254.26,-2906000
247.89,-2907000
242.71,-2908000
238.1,-2909000
234.33,-2910000
231.25,-2911000
229.47,-2912000
228.24,-2913000
228.12,-2914000
228.34,-2915000
229.07,-2916000
229.98,-2917000
231.19,-2918000
232.48,-2919000
233.83,-2920000
235.15,-2921000
236.37,-2922000
237.16,-2923000
237.24,-2924000
237.69,-2925000
237.04,-2926000
236.43,-2927000
235.33,-2928000
233.61,-2929000
231.84,-2930000
229.91,-2931000
227.41,-2932000
224.94,-2933000
221.89,-2934000
218.81,-2935000
216.4,-2936000
213.21,-2937000
210.88,-2938000
207.79,-2939000
205.16,-2940000
202.34,-2941000
200.69,-2942000
198.87,-2943000
197.14,-2944000
196.18,-2945000
194.52,-2946000
193.76,-2947000
193.07,-2948000
193.04,-2949000
192.67,-2950000
192.71,-2951000
193.26,-2952000
193.31,-2953000
194.1,-2954000
194.46,-2955000
194.71,-2956000
195.45,-2957000
195.65,-2958000
196.64,-2959000
197.25,-2960000
198.04,-2961000
199.34,-2962000
200.54,-2963000
202.11,-2964000
204.64,-2965000
207.05,-2966000
210.59,-2967000
214.2,-2968000
218.49,-2969000
223.39,-2970000
229.04,-2971000
235.28,-2972000
241.99,-2973000
249.27,-2974000
256.51,-2975000
264.63,-2976000
272.6,-2977000
280.69,-2978000
288.97,-2979000
296.9,-2980000
305.27,-2981000
312.68,-2982000
320.32,-2983000
327.12,-2984000
333.93,-2985000
340.02,-2986000
345.61,-2987000
350.03,-2988000
354.46,-2989000
357.81,-2990000
360.39,-2991000
361.75,-2992000
363.16,-2993000
363.19,-2994000
362.33,-2995000
360.62,-2996000
358.87,-2997000
355.55,-2998000
352.06,-2999000
348.11,-3000000
343.21,-3001000
337.94,-3002000
332.38,-3003000
326.11,-3004000
320.16,-3005000
313.28,-3006000
306.89,-3007000
300.76,-3008000
294.8,-3009000
288.84,-3010000
283.3,-3011000
278.4,-3012000
273.9,-3013000
270.38,-3014000
267.47,-3015000
265.38,-3016000
264.37,-3017000
264.22,-3018000
265.43,-3019000
266.63,-3020000
269.26,-3021000
272.23,-3022000
275.46,-3023000
279.39,-3024000
283.65,-3025000
288.17,-3026000
292.41,-3027000
296.64,-3028000
300.51,-3029000
304.21,-3030000
307.73,-3031000
310.3,-3032000
312.43,-3033000
314.09,-3034000
314.65,-3035000
314.46,-3036000
313.76,-3037000
312.1,-3038000
309.65,-3039000
305.62,-3040000
301.68,-3041000
296.99,-3042000
290.8,-3043000
284.8,-3044000
277.8,-3045000
270.11,-3046000
262.19,-3047000
253.71,-3048000
245.2,-3049000
236.37,-3050000
227.43,-3051000
219.34,-3052000
210.25,-3053000
202.11,-3054000
193.83,-3055000
185.99,-3056000
178.63,-3057000
172.34,-3058000
166.04,-3059000
160.79,-3060000
155.56,-3061000
151.33,-3062000
147.65,-3063000
144.91,-3064000
142.89,-3065000
141.06,-3066000
140.47,-3067000
140.09,-3068000
140.41,-3069000
141.41,-3070000
143.13,-3071000
145.09,-3072000
148.28,-3073000
151.79,-3074000
155.59,-3075000
160.66,-3076000
165.64,-3077000
171.93,-3078000
178.05,-3079000
184.99,-3080000
192.86,-3081000
200.44,-3082000
208.84,-3083000
218,-3084000
226.79,-3085000
235.62,-3086000
245.36,-3087000
254.24,-3088000
263.09,-3089000
272.43,-3090000
281.19,-3091000
289.43,-3092000
297.56,-3093000
305.24,-3094000
311.94,-3095000
318.09,-3096000
324.53,-3097000
329.49,-3098000
333.47,-3099000
337.19,-3100000
339.79,-3101000
341.94,-3102000
343.14,-3103000
343.17,-3104000
342.91,-3105000
341.72,-3106000
339.96,-3107000
337.36,-3108000
334.85,-3109000
331.1,-3110000
327.17,-3111000
323.64,-3112000
319.11,-3113000
314.71,-3114000
310.44,-3115000
306.05,-3116000
302.36,-3117000
298.34,-3118000
294.92,-3119000
292.08,-3120000
289.94,-3121000
288.67,-3122000
287.9,-3123000
287.88,-3124000
288.45,-3125000
290.01,-3126000
292.33,-3127000
295.06,-3128000
298.63,-3129000
302.66,-3130000
306.86,-3131000
312.05,-3132000
316.61,-3133000
321.89,-3134000
326.87,-3135000
331.36,-3136000
336.3,-3137000
340.65,-3138000
344.52,-3139000
347.97,-3140000
351.02,-3141000
353.13,-3142000
354.86,-3143000
355.68,-3144000
356.17,-3145000
354.95,-3146000
353.88,-3147000
351.41,-3148000
348.2,-3149000
344.08,-3150000
339.37,-3151000
333.47,-3152000
327.5,-3153000
320.37,-3154000
313.24,-3155000
305.37,-3156000
296.81,-3157000
288.34,-3158000
279.49,-3159000
270.39,-3160000
261.65,-3161000
252.67,-3162000
244.16,-3163000
235.54,-3164000
227.24,-3165000
219.31,-3166000
211.82,-3167000
204.52,-3168000
198.43,-3169000
192.13,-3170000
186.81,-3171000
182.09,-3172000
177.67,-3173000
174.29,-3174000
170.86,-3175000
168.2,-3176000
166.41,-3177000
164.47,-3178000
163.24,-3179000
162.71,-3180000
162.38,-3181000
162.18,-3182000
162.57,-3183000
163.62,-3184000
164.71,-3185000
166.34,-3186000
168.08,-3187000
170.86,-3188000
173.84,-3189000
176.68,-3190000
180.67,-3191000
184.69,-3192000
189.14,-3193000
193.74,-3194000
198.69,-3195000
203.59,-3196000
209.57,-3197000
214.86,-3198000
220.48,-3199000
226.49,-3200000
231.68,-3201000
237.78,-3202000
243.05,-3203000
248.57,-3204000
253.66,-3205000
258.4,-3206000
262.81,-3207000
267.31,-3208000
270.71,-3209000
274.52,-3210000
277.63,-3211000
280.16,-3212000
282.23,-3213000
284.21,-3214000
285.41,-3215000
286.62,-3216000
287.11,-3217000
287.78,-3218000
287.3,-3219000
287.19,-3220000
286.99,-3221000
286.36,-3222000
285.39,-3223000
285.05,-3224000
284.52,-3225000
284.34,-3226000
284.08,-3227000
284.49,-3228000
284.89,-3229000
286.29,-3230000
287.99,-3231000
290.2,-3232000
293.28,-3233000
296.46,-3234000
300.46,-3235000
304.82,-3236000
309.59,-3237000
314.57,-3238000
320.14,-3239000
326.07,-3240000
331.96,-3241000
338.23,-3242000
344.2,-3243000
350.33,-3244000
356.04,-3245000
361.73,-3246000
367.48,-3247000
371.61,-3248000
376.44,-3249000
380.28,-3250000
383.29,-3251000
385.47,-3252000
387.29,-3253000
388.09,-3254000
388.28,-3255000
387.77,-3256000
386.15,-3257000
383.67,-3258000
380.68,-3259000
376.35,-3260000
371.42,-3261000
365.52,-3262000
359.54,-3263000
352.71,-3264000
344.93,-3265000
337.12,-3266000
328.83,-3267000
320.44,-3268000
312.07,-3269000
302.83,-3270000
294.56,-3271000
286,-3272000
277.91,-3273000
270,-3274000
262.27,-3275000
255.04,-3276000
248.29,-3277000
242.11,-3278000
236.91,-3279000
231.68,-3280000
227.16,-3281000
223.52,-3282000
219.86,-3283000
217.19,-3284000
214.88,-3285000
212.88,-3286000
211.1,-3287000
210.13,-3288000
209.23,-3289000
208.44,-3290000
207.7,-3291000
207.46,-3292000
207.21,-3293000
206.95,-3294000
206.92,-3295000
207.37,-3296000
207.21,-3297000
208,-3298000
208.68,-3299000
209.05,-3300000
209.86,-3301000
210.51,-3302000
211.54,-3303000
212.95,-3304000
214.14,-3305000
215.1,-3306000
216.4,-3307000
218.08,-3308000
219.47,-3309000
220.58,-3310000
222.15,-3311000
223.36,-3312000
225,-3313000
226.21,-3314000
227.97,-3315000
228.6,-3316000
230.42,-3317000
231.16,-3318000
232.43,-3319000
233.22,-3320000
234.02,-3321000
234.88,-3322000
235.83,-3323000
236.25,-3324000
236.89,-3325000
237.04,-3326000
237.98,-3327000
238.02,-3328000
238.55,-3329000
239.46,-3330000
240.11,-3331000
240.9,-3332000
241.42,-3333000
242.64,-3334000
244.12,-3335000
245.98,-3336000
248.11,-3337000
250.54,-3338000
252.9,-3339000
256.25,-3340000
259.91,-3341000
263.55,-3342000
268.15,-3343000
272.67,-3344000
277.5,-3345000
282.92,-3346000
288.59,-3347000
294.55,-3348000
300.44,-3349000
306.54,-3350000
312.81,-3351000
319.24,-3352000
325.8,-3353000
331.95,-3354000
338.02,-3355000
344.07,-3356000
349.67,-3357000
355.11,-3358000
360.28,-3359000
364.63,-3360000
368.62,-3361000
372.63,-3362000
375.57,-3363000
378.11,-3364000
379.68,-3365000
381.39,-3366000
381.44,-3367000
381.6,-3368000
380.69,-3369000
378.82,-3370000
376.47,-3371000
373.58,-3372000
370.28,-3373000
366.13,-3374000
361.33,-3375000
356.38,-3376000
351.05,-3377000
345.2,-3378000
339.57,-3379000
333.73,-3380000
327.59,-3381000
322.07,-3382000
316.14,-3383000
310.6,-3384000
305.59,-3385000
300.68,-3386000
296.22,-3387000
292.36,-3388000
289.13,-3389000
285.94,-3390000
283.5,-3391000
281.47,-3392000
279.92,-3393000
278.88,-3394000
277.69,-3395000
276.76,-3396000
275.99,-3397000
275.47,-3398000
274.87,-3399000
274.26,-3400000
273.59,-3401000
272.78,-3402000
271.47,-3403000
270,-3404000
268.97,-3405000
266.84,-3406000
264.96,-3407000
262.79,-3408000
260.17,-3409000
257.72,-3410000
254.43,-3411000
251.87,-3412000
248.43,-3413000
245.25,-3414000
242.34,-3415000
239.13,-3416000
235.68,-3417000
232.55,-3418000
229.74,-3419000
226.79,-3420000
223.52,-3421000
221.41,-3422000
218.54,-3423000
216.53,-3424000
214.66,-3425000
212.32,-3426000
211.39,-3427000
209.49,-3428000
208.88,-3429000
207.38,-3430000
207.21,-3431000
206.15,-3432000
206.42,-3433000
205.84,-3434000
206.1,-3435000
206.08,-3436000
206.62,-3437000
206.74,-3438000
207.46,-3439000
208.35,-3440000
210.06,-3441000
211.07,-3442000
212.53,-3443000
214.67,-3444000
217.07,-3445000
219.21,-3446000
222.09,-3447000
225.33,-3448000
228.32,-3449000
232.18,-3450000
236.29,-3451000
240.11,-3452000
244.79,-3453000
249.22,-3454000
254.3,-3455000
259.19,-3456000
264.69,-3457000
269.92,-3458000
275.22,-3459000
280.72,-3460000
286.17,-3461000
291.66,-3462000
296.74,-3463000
302.23,-3464000
307.04,-3465000
312.51,-3466000
317.25,-3467000
321.59,-3468000
326.14,-3469000
329.87,-3470000
333.57,-3471000
336.88,-3472000
339.81,-3473000
342.34,-3474000
344.55,-3475000
346.55,-3476000
347.64,-3477000
348.82,-3478000
349.14,-3479000
349.19,-3480000
348.33,-3481000
347.56,-3482000
346.27,-3483000
344.39,-3484000
342.48,-3485000
340.39,-3486000
337.51,-3487000
334.93,-3488000
332.08,-3489000
329.01,-3490000
326.47,-3491000
323.81,-3492000
321,-3493000
318.88,-3494000
316.86,-3495000
315.26,-3496000
313.71,-3497000
313.18,-3498000
312.74,-3499000
313.03,-3500000
313.31,-3501000
314.26,-3502000
315.61,-3503000
317.55,-3504000
319.49,-3505000
321.74,-3506000
323.75,-3507000
326.49,-3508000
328.95,-3509000
331.25,-3510000
333.11,-3511000
334.47,-3512000
335.97,-3513000
336.87,-3514000
337.7,-3515000
337.25,-3516000
336.61,-3517000
335.31,-3518000
333.48,-3519000
331,-3520000
327.55,-3521000
324.09,-3522000
319.48,-3523000
314.98,-3524000
309.46,-3525000
303.44,-3526000
297.75,-3527000
290.97,-3528000
284.04,-3529000
277.38,-3530000
269.73,-3531000
262.73,-3532000
255.38,-3533000
248.23,-3534000
241.63,-3535000
234.82,-3536000
228.3,-3537000
222.22,-3538000
216.79,-3539000
211.51,-3540000
206.41,-3541000
202,-3542000
198.3,-3543000
194.81,-3544000
191.51,-3545000
188.95,-3546000
187.25,-3547000
185.74,-3548000
184.77,-3549000
184.18,-3550000
184.26,-3551000
184.52,-3552000
185.47,-3553000
187.13,-3554000
188.95,-3555000
190.95,-3556000
193.65,-3557000
196.53,-3558000
200.05,-3559000
203.69,-3560000
207.55,-3561000
211.92,-3562000
216,-3563000
220.66,-3564000
225.87,-3565000
230.69,-3566000
236.08,-3567000
240.96,-3568000
246.39,-3569000
251.84,-3570000
256.7,-3571000
262.07,-3572000
267.33,-3573000
272.43,-3574000
276.99,-3575000
281.82,-3576000
286.11,-3577000
290.57,-3578000
294.44,-3579000
298.19,-3580000
301.52,-3581000
304.77,-3582000
307.26,-3583000
310,-3584000
311.92,-3585000
313.62,-3586000
315.02,-3587000
316.17,-3588000
317.02,-3589000
317.16,-3590000
317.05,-3591000
316.66,-3592000
316.09,-3593000
315.49,-3594000
314.09,-3595000
312.76,-3596000
311.32,-3597000
310.12,-3598000
308.91,-3599000
307.33,-3600000
305.93,-3601000
304.84,-3602000
304.09,-3603000
303.59,-3604000
303.18,-3605000
303.24,-3606000
303.78,-3607000
304.74,-3608000
306.34,-3609000
308.34,-3610000
310.54,-3611000
313.25,-3612000
316.38,-3613000
319.93,-3614000
323.99,-3615000
327.78,-3616000
332.34,-3617000
336.43,-3618000
341,-3619000
345.11,-3620000
349.3,-3621000
353.25,-3622000
357.11,-3623000
360.31,-3624000
362.9,-3625000
365.21,-3626000
367.14,-3627000
368.11,-3628000
368.51,-3629000
368.25,-3630000
367.47,-3631000
365.55,-3632000
363.54,-3633000
360.3,-3634000
356.65,-3635000
352.28,-3636000
346.97,-3637000
341.85,-3638000
335.57,-3639000
329.16,-3640000
322.65,-3641000
315.59,-3642000
308.73,-3643000
301.36,-3644000
293.68,-3645000
286.98,-3646000
279.92,-3647000
273.11,-3648000
266.1,-3649000
259.92,-3650000
254.13,-3651000
248.73,-3652000
243.1,-3653000
238.61,-3654000
234.54,-3655000
230.22,-3656000
227.02,-3657000
224.1,-3658000
221.01,-3659000
218.81,-3660000
216.78,-3661000
215.49,-3662000
213.89,-3663000
212.92,-3664000
211.61,-3665000
210.79,-3666000
210.58,-3667000
210.28,-3668000
209.98,-3669000
209.67,-3670000
209.79,-3671000
209.79,-3672000
210.28,-3673000
211.23,-3674000
211.44,-3675000
212.73,-3676000
213.32,-3677000
214.97,-3678000
215.87,-3679000
217.86,-3680000
219.59,-3681000
221.28,-3682000
223.36,-3683000
225.33,-3684000
227.68,-3685000
229.9,-3686000
232.01,-3687000
234.45,-3688000
236.75,-3689000
238.96,-3690000
241.42,-3691000
243.85,-3692000
246.13,-3693000
248.73,-3694000
250.56,-3695000
252.87,-3696000
254.83,-3697000
256.23,-3698000
257.95,-3699000
259.51,-3700000
260.9,-3701000
262.21,-3702000
263.39,-3703000
264.67,-3704000
265.74,-3705000
266.83,-3706000
267.42,-3707000
268.21,-3708000
269.55,-3709000
270.77,-3710000
272.06,-3711000
273.69,-3712000
275.3,-3713000
277.2,-3714000
279.88,-3715000
282.33,-3716000
285.64,-3717000
289.3,-3718000
293.16,-3719000
297.39,-3720000
302.14,-3721000
306.95,-3722000
312.06,-3723000
317.62,-3724000
323.46,-3725000
329.11,-3726000
335.22,-3727000
341.14,-3728000
347.05,-3729000
352.96,-3730000
358.28,-3731000
363.44,-3732000
368.27,-3733000
372.3,-3734000
375.98,-3735000
379.04,-3736000
381.65,-3737000
383.24,-3738000
384.68,-3739000
385.03,-3740000
384.64,-3741000
383.79,-3742000
381.63,-3743000
379.34,-3744000
376.13,-3745000
372.34,-3746000
367.73,-3747000
363.03,-3748000
357.77,-3749000
351.87,-3750000
345.57,-3751000
339.61,-3752000
333.09,-3753000
326.55,-3754000
320.23,-3755000
314.1,-3756000
307.77,-3757000
302.15,-3758000
297.02,-3759000
291.92,-3760000
287.34,-3761000
282.63,-3762000
279.16,-3763000
276.13,-3764000
273.29,-3765000
271.28,-3766000
269.47,-3767000
268.08,-3768000
266.96,-3769000
266.3,-3770000
265.99,-3771000
265.86,-3772000
265.88,-3773000
265.54,-3774000
265.75,-3775000
265.39,-3776000
265.52,-3777000
264.95,-3778000
264.28,-3779000
263.81,-3780000
262.66,-3781000
261.27,-3782000
260.05,-3783000
258.14,-3784000
255.88,-3785000
253.92,-3786000
251.2,-3787000
248.71,-3788000
246.02,-3789000
243.09,-3790000
239.96,-3791000
236.66,-3792000
233.23,-3793000
230.19,-3794000
226.86,-3795000
223.54,-3796000
220.84,-3797000
217.87,-3798000
214.78,-3799000
211.77,-3800000
209.22,-3801000
207.3,-3802000
205.16,-3803000
203.29,-3804000
201.76,-3805000
200.2,-3806000
199.3,-3807000
198.87,-3808000
198.36,-3809000
197.97,-3810000
198.1,-3811000
198.26,-3812000
198.99,-3813000
199.76,-3814000
201.08,-3815000
202.53,-3816000
204.01,-3817000
206.19,-3818000
208.55,-3819000
211.57,-3820000
214.32,-3821000
217.78,-3822000
221.6,-3823000
226.07,-3824000
230.39,-3825000
235.59,-3826000
240.61,-3827000
246.43,-3828000
252.72,-3829000
259.25,-3830000
266.15,-3831000
273.41,-3832000
280.93,-3833000
288.77,-3834000
296.28,-3835000
304.55,-3836000
312.33,-3837000
320.17,-3838000
328.91,-3839000
336.48,-3840000
344.04,-3841000
351.83,-3842000
358.73,-3843000
365.3,-3844000
370.95,-3845000
376.1,-3846000
380.62,-3847000
384.7,-3848000
388.24,-3849000
390.53,-3850000
392.12,-3851000
392.7,-3852000
392.48,-3853000
391.46,-3854000
390.02,-3855000
387.63,-3856000
384.33,-3857000
380.5,-3858000
376.01,-3859000
371.26,-3860000
365.51,-3861000
360.16,-3862000
354.84,-3863000
349.24,-3864000
343.84,-3865000
337.91,-3866000
332.84,-3867000
328.18,-3868000
323.31,-3869000
319.44,-3870000
315.91,-3871000
312.85,-3872000
310.59,-3873000
308.64,-3874000
307.67,-3875000
306.79,-3876000
306.57,-3877000
306.43,-3878000
307.14,-3879000
307.62,-3880000
308.55,-3881000
309.54,-3882000
310.15,-3883000
311.26,-3884000
311.86,-3885000
312.77,-3886000
312.93,-3887000
313.02,-3888000
312.59,-3889000
312.01,-3890000
310.93,-3891000
309.38,-3892000
307.52,-3893000
305.26,-3894000
302.59,-3895000
299.01,-3896000
295.51,-3897000
291.84,-3898000
287.71,-3899000
283.25,-3900000
278.78,-3901000
273.26,-3902000
268.23,-3903000
263.19,-3904000
258.29,-3905000
252.91,-3906000
247.47,-3907000
242.19,-3908000
237.17,-3909000
232.37,-3910000
227.1,-3911000
222.38,-3912000
217.75,-3913000
213.9,-3914000
209.65,-3915000
205.88,-3916000
202.56,-3917000
199.21,-3918000
196.53,-3919000
194.15,-3920000
191.84,-3921000
190.17,-3922000
188.25,-3923000
187.49,-3924000
186.34,-3925000
185.92,-3926000
186.15,-3927000
186.49,-3928000
187.11,-3929000
188.3,-3930000
189.77,-3931000
191.35,-3932000
193.68,-3933000
196.63,-3934000
199.73,-3935000
203.13,-3936000
207.13,-3937000
211.81,-3938000
216.2,-3939000
221.28,-3940000
226.94,-3941000
232.87,-3942000
238.91,-3943000
245.51,-3944000
252.3,-3945000
259.15,-3946000
265.96,-3947000
273.59,-3948000
280.91,-3949000
288.29,-3950000
295.5,-3951000
302.31,-3952000
309.28,-3953000
316.22,-3954000
322.28,-3955000
328.07,-3956000
333.9,-3957000
338.85,-3958000
343.81,-3959000
347.67,-3960000
350.86,-3961000
353.67,-3962000
355.81,-3963000
357.4,-3964000
358.3,-3965000
358.2,-3966000
358.08,-3967000
357.01,-3968000
355.69,-3969000
353.31,-3970000
350.83,-3971000
348.35,-3972000
345.96,-3973000
342.96,-3974000
340.26,-3975000
337.52,-3976000
334.94,-3977000
333.27,-3978000
331.56,-3979000
330.71,-3980000
330.44,-3981000
330.57,-3982000
331.04,-3983000
332.33,-3984000
334.42,-3985000
336.99,-3986000
339.56,-3987000
343.18,-3988000
346.68,-3989000
350.15,-3990000
354.36,-3991000
357.9,-3992000
361.41,-3993000
364.76,-3994000
368.3,-3995000
370.68,-3996000
372.61,-3997000
373.96,-3998000
374.81,-3999000
375.07,-4000000
374.32,-4001000
372.86,-4002000
370.77,-4003000
367.71,-4004000
363.93,-4005000
359.71,-4006000
354.76,-4007000
349.54,-4008000
343.23,-4009000
336.71,-4010000
329.91,-4011000
322.36,-4012000
315.15,-4013000
306.88,-4014000
299.32,-4015000
291.63,-4016000
283.43,-4017000
276.09,-4018000
268.01,-4019000
260.86,-4020000
253.58,-4021000
246.33,-4022000
239.78,-4023000
233.52,-4024000
228.18,-4025000
222.47,-4026000
217.72,-4027000
213.05,-4028000
208.85,-4029000
205.41,-4030000
201.76,-4031000
198.82,-4032000
196.63,-4033000
194.73,-4034000
192.95,-4035000
191.39,-4036000
190.51,-4037000
190.27,-4038000
190.13,-4039000
190.19,-4040000
190.85,-4041000
191.61,-4042000
193.05,-4043000
194.5,-4044000
196.53,-4045000
198.76,-4046000
201.49,-4047000
204.29,-4048000
207.7,-4049000
211.16,-4050000
215.19,-4051000
219.3,-4052000
223.24,-4053000
227.94,-4054000
232.63,-4055000
237.83,-4056000
242.89,-4057000
247.83,-4058000
253.26,-4059000
258.68,-4060000
263.65,-4061000
268.64,-4062000
273.86,-4063000
278.15,-4064000
282.81,-4065000
287.67,-4066000
291.5,-4067000
295,-4068000
298.56,-4069000
301.79,-4070000
303.87,-4071000
306.21,-4072000
307.99,-4073000
309.2,-4074000
310.31,-4075000
310.79,-4076000
311.52,-4077000
311.12,-4078000
310.86,-4079000
310.23,-4080000
309.26,-4081000
308.7,-4082000
308.01,-4083000
307.14,-4084000
306.83,-4085000
306.73,-4086000
306.91,-4087000
307.77,-4088000
309.35,-4089000
311.62,-4090000
314.13,-4091000
317.59,-4092000
321.86,-4093000
326.77,-4094000
332.12,-4095000
338.08,-4096000
344.67,-4097000
351.49,-4098000
358.66,-4099000
366.16,-4100000
373.3,-4101000
380.92,-4102000
388.6,-4103000
395.45,-4104000
401.77,-4105000
407.74,-4106000
413.09,-4107000
417.83,-4108000
421.59,-4109000
424.1,-4110000
426.06,-4111000
427.06,-4112000
426.68,-4113000
425.36,-4114000
422.95,-4115000
419.63,-4116000
415.03,-4117000
409.84,-4118000
403.13,-4119000
396.13,-4120000
389.15,-4121000
380.86,-4122000
372.06,-4123000
362.61,-4124000
353.52,-4125000
344.29,-4126000
334.63,-4127000
325.07,-4128000
315.7,-4129000
306.17,-4130000
297.49,-4131000
288.73,-4132000
280.53,-4133000
273.23,-4134000
266.05,-4135000
259.18,-4136000
253.62,-4137000
248.16,-4138000
243.14,-4139000
238.89,-4140000
234.94,-4141000
231.5,-4142000
228.47,-4143000
226.2,-4144000
223.63,-4145000
221.33,-4146000
219.64,-4147000
217.97,-4148000
216.32,-4149000
215.21,-4150000
214.01,-4151000
212.72,-4152000
211.93,-4153000
211.51,-4154000
210.96,-4155000
210.33,-4156000
210.11,-4157000
210.36,-4158000
210.92,-4159000
211.38,-4160000
212.83,-4161000
213.6,-4162000
215.44,-4163000
217.89,-4164000
220.03,-4165000
222.05,-4166000
225.26,-4167000
228.13,-4168000
231.61,-4169000
234.91,-4170000
238.47,-4171000
242.54,-4172000
246.37,-4173000
249.87,-4174000
253.65,-4175000
257.1,-4176000
260.32,-4177000
263.61,-4178000
266.68,-4179000
269.36,-4180000
271.63,-4181000
273.95,-4182000
275.58,-4183000
277.24,-4184000
278.49,-4185000
279.51,-4186000
280.31,-4187000
280.16,-4188000
280.71,-4189000
280.97,-4190000
281.02,-4191000
281.02,-4192000
281.04,-4193000
281.83,-4194000
282.83,-4195000
284.16,-4196000
285.71,-4197000
288.34,-4198000
291.45,-4199000
295.76,-4200000
300.25,-4201000
305.9,-4202000
311.76,-4203000
318.88,-4204000
326.28,-4205000
334.26,-4206000
342.78,-4207000
351.42,-4208000
360.46,-4209000
369.53,-4210000
378.78,-4211000
388.18,-4212000
396.95,-4213000
405.01,-4214000
413.44,-4215000
420.8,-4216000
427.39,-4217000
433.01,-4218000
437.94,-4219000
441.81,-4220000
444.15,-4221000
446.3,-4222000
446.63,-4223000
445.52,-4224000
443.76,-4225000
440.61,-4226000
437,-4227000
431.53,-4228000
425.47,-4229000
419.02,-4230000
411.09,-4231000
403.27,-4232000
394.37,-4233000
385.4,-4234000
375.18,-4235000
366.04,-4236000
356.52,-4237000
346.08,-4238000
336.63,-4239000
327.59,-4240000
319.05,-4241000
310.7,-4242000
303.54,-4243000
296.74,-4244000
290.34,-4245000
284.86,-4246000
280.43,-4247000
276.92,-4248000
273.86,-4249000
271.71,-4250000
270.13,-4251000
269.26,-4252000
268.53,-4253000
268.77,-4254000
268.97,-4255000
269.25,-4256000
269.27,-4257000
269.74,-4258000
269.71,-4259000
270.05,-4260000
269.67,-4261000
269.11,-4262000
268.73,-4263000
267.73,-4264000
266.27,-4265000
264.88,-4266000
263.41,-4267000
261.19,-4268000
259.18,-4269000
256.83,-4270000
254.11,-4271000
251.61,-4272000
248.81,-4273000
246.32,-4274000
243.56,-4275000
241.15,-4276000
238.57,-4277000
236.14,-4278000
234.16,-4279000
232.66,-4280000
230.81,-4281000
229.4,-4282000
228.34,-4283000
227.78,-4284000
226.84,-4285000
226.97,-4286000
226.93,-4287000
227.21,-4288000
227.33,-4289000
228.23,-4290000
228.93,-4291000
229.64,-4292000
230.49,-4293000
231.69,-4294000
232.67,-4295000
234.28,-4296000
235.51,-4297000
236.67,-4298000
237.85,-4299000
239.35,-4300000
241.2,-4301000
243.27,-4302000
245.05,-4303000
247.64,-4304000
250.82,-4305000
254.62,-4306000
259.05,-4307000
264.09,-4308000
269.77,-4309000
276.42,-4310000
283.52,-4311000
291.9,-4312000
300.56,-4313000
310.01,-4314000
319.57,-4315000
330.16,-4316000
340.78,-4317000
351.55,-4318000
362.71,-4319000
373.36,-4320000
384.61,-4321000
395.33,-4322000
405.66,-4323000
414.76,-4324000
423.51,-4325000
432.06,-4326000
438.98,-4327000
445.23,-4328000
449.93,-4329000
454.01,-4330000
456.56,-4331000
457.58,-4332000
456.58,-4333000
455.82,-4334000
452.36,-4335000
448.86,-4336000
444.06,-4337000
437.49,-4338000
430.22,-4339000
421.83,-4340000
413.66,-4341000
404.4,-4342000
394.38,-4343000
383.9,-4344000
374.11,-4345000
363.64,-4346000
353.34,-4347000
344.22,-4348000
334.41,-4349000
325.99,-4350000
317.37,-4351000
310.56,-4352000
303.99,-4353000
298.33,-4354000
294.05,-4355000
290.76,-4356000
288.09,-4357000
286.53,-4358000
286.34,-4359000
286.7,-4360000
287.51,-4361000
288.96,-4362000
290.86,-4363000
293.51,-4364000
295.94,-4365000
298.39,-4366000
301.02,-4367000
303.55,-4368000
305.87,-4369000
307.99,-4370000
309.53,-4371000
310.64,-4372000
311.76,-4373000
311.85,-4374000
311.92,-4375000
311.53,-4376000
310.65,-4377000
308.78,-4378000
306.72,-4379000
304.2,-4380000
301.88,-4381000
298.33,-4382000
294.46,-4383000
290.78,-4384000
286.63,-4385000
282.21,-4386000
277.48,-4387000
272.43,-4388000
267.69,-4389000
262.72,-4390000
257.52,-4391000
252.11,-4392000
247.14,-4393000
242.85,-4394000
238.22,-4395000
233.53,-4396000
229.32,-4397000
225.11,-4398000
221.37,-4399000
217.9,-4400000
214.93,-4401000
212.26,-4402000
210.13,-4403000
208.3,-4404000
206.58,-4405000
205.57,-4406000
204.87,-4407000
204.88,-4408000
205.05,-4409000
206,-4410000
207.92,-4411000
209.72,-4412000
212.56,-4413000
216.19,-4414000
220.49,-4415000
225.42,-4416000
231.48,-4417000
238.06,-4418000
245.38,-4419000
253.29,-4420000
262.2,-4421000
271.26,-4422000
281.28,-4423000
292.22,-4424000
303.02,-4425000
314.12,-4426000
325.43,-4427000
336.8,-4428000
349.29,-4429000
360.68,-4430000
370.77,-4431000
382.22,-4432000
392.71,-4433000
402.43,-4434000
411.18,-4435000
419.78,-4436000
425.92,-4437000
432.87,-4438000
437.75,-4439000
441.2,-4440000
443.05,-4441000
445.04,-4442000
444.31,-4443000
443.1,-4444000
440.38,-4445000
435.95,-4446000
431.07,-4447000
424.75,-4448000
417.43,-4449000
410.24,-4450000
400.97,-4451000
392.31,-4452000
383.23,-4453000
373.55,-4454000
364.51,-4455000
355.89,-4456000
346.72,-4457000
338.91,-4458000
331.02,-4459000
324.57,-4460000
319.34,-4461000
314.52,-4462000
310.93,-4463000
308.94,-4464000
307.85,-4465000
308.02,-4466000
308.97,-4467000
310.96,-4468000
313.62,-4469000
316.6,-4470000
320.62,-4471000
324.14,-4472000
328.23,-4473000
332.08,-4474000
335.82,-4475000
339.28,-4476000
342.37,-4477000
345.09,-4478000
347.24,-4479000
348.42,-4480000
349.87,-4481000
349.76,-4482000
349.82,-4483000
348.75,-4484000
347.22,-4485000
344.51,-4486000
341.79,-4487000
338.43,-4488000
334.39,-4489000
329.78,-4490000
324.77,-4491000
319.12,-4492000
313.63,-4493000
307.93,-4494000
301.58,-4495000
295.12,-4496000
288.98,-4497000
282.03,-4498000
276.24,-4499000
269.47,-4500000
263.48,-4501000
257.06,-4502000
251,-4503000
245.47,-4504000
239.98,-4505000
235.08,-4506000
230.3,-4507000
225.97,-4508000
222.01,-4509000
218.58,-4510000
215.84,-4511000
213.39,-4512000
211.36,-4513000
209.69,-4514000
208.86,-4515000
208.62,-4516000
209.27,-4517000
209.96,-4518000
211.6,-4519000
214.29,-4520000
217.08,-4521000
220.89,-4522000
225.18,-4523000
229.99,-4524000
235.71,-4525000
242,-4526000
248.58,-4527000
255.61,-4528000
263,-4529000
271.19,-4530000
279.6,-4531000
288.53,-4532000
296.84,-4533000
306.04,-4534000
314.74,-4535000
324.02,-4536000
332,-4537000
341.37,-4538000
349.82,-4539000
357.45,-4540000
365.01,-4541000
371.42,-4542000
377.8,-4543000
383.52,-4544000
387.76,-4545000
391.95,-4546000
395.37,-4547000
397.88,-4548000
398.78,-4549000
398.93,-4550000
399.08,-4551000
397.27,-4552000
394.68,-4553000
391.55,-4554000
387.58,-4555000
382.56,-4556000
377.08,-4557000
371.24,-4558000
365.22,-4559000
358.48,-4560000
351.96,-4561000
345.01,-4562000
338.43,-4563000
332.36,-4564000
326.55,-4565000
321.06,-4566000
316.53,-4567000
313.14,-4568000
310.84,-4569000
309.51,-4570000
309.24,-4571000
310.34,-4572000
312.71,-4573000
316.18,-4574000
320.45,-4575000
325.85,-4576000
331.93,-4577000
338.42,-4578000
344.88,-4579000
352.18,-4580000
359.27,-4581000
365.85,-4582000
372.54,-4583000
378.4,-4584000
384.37,-4585000
389.23,-4586000
393.11,-4587000
396.36,-4588000
398.16,-4589000
399.54,-4590000
399.83,-4591000
398.65,-4592000
396.58,-4593000
393.63,-4594000
389.77,-4595000
384.87,-4596000
378.92,-4597000
372.57,-4598000
365.15,-4599000
357.12,-4600000
348.94,-4601000
339.93,-4602000
330.87,-4603000
321.04,-4604000
311.57,-4605000
302.43,-4606000
292.75,-4607000
283.67,-4608000
274.73,-4609000
266.47,-4610000
258.05,-4611000
250.41,-4612000
243.66,-4613000
236.92,-4614000
231.43,-4615000
226.39,-4616000
222.33,-4617000
218.79,-4618000
215.92,-4619000
213.97,-4620000
212.58,-4621000
212.09,-4622000
212.32,-4623000
213.68,-4624000
215.05,-4625000
217.73,-4626000
220.33,-4627000
223.86,-4628000
228.12,-4629000
232.7,-4630000
237.65,-4631000
243.25,-4632000
249.69,-4633000
255.69,-4634000
262.44,-4635000
269.27,-4636000
276.62,-4637000
284.27,-4638000
291.88,-4639000
299.4,-4640000
306.85,-4641000
314.15,-4642000
321.69,-4643000
328.96,-4644000
335.66,-4645000
342.17,-4646000
347.57,-4647000
352.69,-4648000
357.77,-4649000
361.68,-4650000
365.16,-4651000
367.94,-4652000
370.07,-4653000
370.75,-4654000
371.35,-4655000
371.12,-4656000
370.38,-4657000
367.99,-4658000
365.6,-4659000
362.09,-4660000
358,-4661000
353.51,-4662000
348.74,-4663000
343.25,-4664000
338.12,-4665000
332,-4666000
326.02,-4667000
320.7,-4668000
314.87,-4669000
309.96,-4670000
305.17,-4671000
300.81,-4672000
298.02,-4673000
295.37,-4674000
293.73,-4675000
293.3,-4676000
294,-4677000
295.44,-4678000
298.35,-4679000
302.48,-4680000
306.98,-4681000
312.62,-4682000
318.9,-4683000
325.8,-4684000
333.39,-4685000
341.27,-4686000
348.99,-4687000
357.48,-4688000
364.92,-4689000
372.79,-4690000
379.94,-4691000
387.21,-4692000
392.94,-4693000
398.68,-4694000
402.99,-4695000
407.14,-4696000
409.92,-4697000
411.81,-4698000
412.67,-4699000
411.95,-4700000
410.88,-4701000
408.54,-4702000
405,-4703000
400.48,-4704000
394.79,-4705000
388.32,-4706000
381.55,-4707000
374.12,-4708000
365.16,-4709000
356.21,-4710000
346.97,-4711000
337.53,-4712000
328.01,-4713000
318.51,-4714000
308.72,-4715000
299.84,-4716000
291.28,-4717000
283.24,-4718000
275.53,-4719000
269.08,-4720000
263.06,-4721000
258.01,-4722000
254.24,-4723000
251.08,-4724000
249.31,-4725000
248.53,-4726000
248.71,-4727000
249.38,-4728000
251.25,-4729000
253.87,-4730000
256.74,-4731000
260.09,-4732000
263.91,-4733000
267.96,-4734000
271.98,-4735000
276.11,-4736000
280.75,-4737000
284.69,-4738000
289.19,-4739000
293.54,-4740000
297.84,-4741000
301.33,-4742000
305.47,-4743000
308.84,-4744000
311.73,-4745000
315.28,-4746000
318.5,-4747000
320.64,-4748000
323.03,-4749000
324.9,-4750000
327.01,-4751000
328.48,-4752000
329.34,-4753000
330.46,-4754000
330.31,-4755000
330.32,-4756000
330.47,-4757000
329.39,-4758000
328.55,-4759000
327.26,-4760000
325.87,-4761000
323.82,-4762000
321.72,-4763000
319.34,-4764000
316.52,-4765000
313.58,-4766000
310.97,-4767000
307.71,-4768000
304.87,-4769000
301.18,-4770000
298.04,-4771000
294.62,-4772000
291.91,-4773000
289.07,-4774000
286.75,-4775000
284.59,-4776000
283.19,-4777000
282.29,-4778000
282.23,-4779000
282.9,-4780000
284.52,-4781000
287.05,-4782000
290.04,-4783000
294.04,-4784000
298.82,-4785000
304.46,-4786000
310.82,-4787000
317.84,-4788000
325.07,-4789000
332.63,-4790000
340.58,-4791000
349.05,-4792000
356.7,-4793000
364.41,-4794000
372.57,-4795000
380.09,-4796000
386.78,-4797000
393.57,-4798000
399.38,-4799000
404.45,-4800000
408.56,-4801000
411.64,-4802000
414.1,-4803000
415.08,-4804000
415.75,-4805000
415.05,-4806000
413.16,-4807000
410.62,-4808000
406.36,-4809000
401.56,-4810000
395.93,-4811000
390.3,-4812000
383.25,-4813000
374.55,-4814000
366.44,-4815000
358.12,-4816000
349.28,-4817000
340.24,-4818000
331.13,-4819000
321.5,-4820000
313.27,-4821000
304.63,-4822000
296.69,-4823000
289.13,-4824000
282.8,-4825000
276.75,-4826000
271.64,-4827000
267.82,-4828000
265.27,-4829000
263.59,-4830000
263.48,-4831000
264.48,-4832000
266.26,-4833000
269.25,-4834000
273.81,-4835000
278.34,-4836000
283.74,-4837000
289.65,-4838000
295.84,-4839000
302.46,-4840000
309.59,-4841000
316.37,-4842000
323.06,-4843000
329.67,-4844000
336.19,-4845000
341.57,-4846000
347.19,-4847000
352.17,-4848000
356.54,-4849000
360.33,-4850000
363.81,-4851000
365.55,-4852000
367.03,-4853000
368.18,-4854000
368.15,-4855000
367.16,-4856000
365.91,-4857000
363.43,-4858000
360.8,-4859000
357.11,-4860000
353.45,-4861000
348.65,-4862000
344.01,-4863000
338.51,-4864000
333.28,-4865000
326.9,-4866000
321.34,-4867000
315.71,-4868000
309.18,-4869000
303.62,-4870000
298.17,-4871000
292.52,-4872000
287.48,-4873000
282.71,-4874000
278.28,-4875000
274.75,-4876000
271.22,-4877000
268.63,-4878000
266.6,-4879000
265.18,-4880000
264.47,-4881000
264.24,-4882000
265.24,-4883000
266.37,-4884000
268.47,-4885000
271.32,-4886000
274.69,-4887000
278.6,-4888000
283.5,-4889000
288.42,-4890000
294.21,-4891000
300.3,-4892000
306.79,-4893000
313.5,-4894000
320.59,-4895000
327.98,-4896000
334.92,-4897000
342.41,-4898000
349.87,-4899000
356.49,-4900000
363.47,-4901000
370.23,-4902000
376.5,-4903000
381.79,-4904000
387.12,-4905000
392.09,-4906000
395.62,-4907000
399.14,-4908000
401.98,-4909000
403.33,-4910000
403.85,-4911000
404.33,-4912000
403.49,-4913000
401.06,-4914000
398.72,-4915000
395.65,-4916000
390.67,-4917000
385.71,-4918000
380.12,-4919000
373.59,-4920000
366.73,-4921000
359.28,-4922000
351.91,-4923000
344.44,-4924000
336.99,-4925000
328.44,-4926000
320.94,-4927000
313.1,-4928000
306.51,-4929000
299.77,-4930000
294.52,-4931000
289.66,-4932000
285.02,-4933000
282.47,-4934000
280.42,-4935000
279.88,-4936000
280.11,-4937000
281.6,-4938000
284.48,-4939000
287.87,-4940000
292.04,-4941000
297.05,-4942000
302.56,-4943000
309.01,-4944000
315.32,-4945000
321.8,-4946000
328.3,-4947000
334.96,-4948000
341.73,-4949000
347.94,-4950000
353.59,-4951000
359.59,-4952000
364.16,-4953000
368.98,-4954000
373.03,-4955000
375.87,-4956000
378.39,-4957000
380.2,-4958000
381.17,-4959000
381.28,-4960000
380.69,-4961000
379.06,-4962000
376.88,-4963000
373.89,-4964000
370.19,-4965000
365.84,-4966000
361.01,-4967000
356.01,-4968000
350.61,-4969000
344.87,-4970000
338.41,-4971000
332.24,-4972000
326,-4973000
319.36,-4974000
313.32,-4975000
307.54,-4976000
302.11,-4977000
297.52,-4978000
292.74,-4979000
289.68,-4980000
286.58,-4981000
284.41,-4982000
283.22,-4983000
282.82,-4984000
283.33,-4985000
284.67,-4986000
286.54,-4987000
289.54,-4988000
292.69,-4989000
296.52,-4990000
300.76,-4991000
305.75,-4992000
310.78,-4993000
315.47,-4994000
320.7,-4995000
326.15,-4996000
331.31,-4997000
336.83,-4998000
341.15,-4999000
346.31,-5000000
