Obliquity (units?) Time(yrs)
2.518941699999999884e+01 0.000000000000000000e+00
2.507000963999999854e+01 -1.000000000000000000e+03
2.495466259000000164e+01 -2.000000000000000000e+03
2.484327075999999934e+01 -3.000000000000000000e+03
2.473645815000000070e+01 -4.000000000000000000e+03
2.463372452000000123e+01 -5.000000000000000000e+03
2.453525335000000140e+01 -6.000000000000000000e+03
2.444116134000000073e+01 -7.000000000000000000e+03
2.435120270999999903e+01 -8.000000000000000000e+03
2.426555524999999847e+01 -9.000000000000000000e+03
2.418381139999999974e+01 -1.000000000000000000e+04
2.410596125000000001e+01 -1.100000000000000000e+04
2.403187834999999950e+01 -1.200000000000000000e+04
2.396090141999999901e+01 -1.300000000000000000e+04
2.389315610999999961e+01 -1.400000000000000000e+04
2.382815846000000093e+01 -1.500000000000000000e+04
2.376539727999999840e+01 -1.600000000000000000e+04
2.370501177999999953e+01 -1.700000000000000000e+04
2.364625240999999889e+01 -1.800000000000000000e+04
2.358896438000000018e+01 -1.900000000000000000e+04
2.353305140000000151e+01 -2.000000000000000000e+04
2.347796251000000112e+01 -2.100000000000000000e+04
2.342383601999999954e+01 -2.200000000000000000e+04
2.337024852000000052e+01 -2.300000000000000000e+04
2.331699439999999868e+01 -2.400000000000000000e+04
2.326437646999999842e+01 -2.500000000000000000e+04
2.321186262000000156e+01 -2.600000000000000000e+04
2.315953757999999851e+01 -2.700000000000000000e+04
2.310780124000000058e+01 -2.800000000000000000e+04
2.305624465000000001e+01 -2.900000000000000000e+04
2.300526057000000080e+01 -3.000000000000000000e+04
2.295518386999999905e+01 -3.100000000000000000e+04
2.290612790999999859e+01 -3.200000000000000000e+04
2.285859921000000128e+01 -3.300000000000000000e+04
2.281271008999999950e+01 -3.400000000000000000e+04
2.276912121999999883e+01 -3.500000000000000000e+04
2.272827280999999999e+01 -3.600000000000000000e+04
2.269027999000000051e+01 -3.700000000000000000e+04
2.265584240000000094e+01 -3.800000000000000000e+04
2.262524823000000040e+01 -3.900000000000000000e+04
2.259867575999999900e+01 -4.000000000000000000e+04
2.257657413000000091e+01 -4.100000000000000000e+04
2.255898283999999876e+01 -4.200000000000000000e+04
2.254622550999999930e+01 -4.300000000000000000e+04
2.253851338000000126e+01 -4.400000000000000000e+04
2.253581190999999961e+01 -4.500000000000000000e+04
2.253858105000000123e+01 -4.600000000000000000e+04
2.254679982000000038e+01 -4.700000000000000000e+04
2.256076566999999855e+01 -4.800000000000000000e+04
2.258084308999999834e+01 -4.900000000000000000e+04
2.260709264000000118e+01 -5.000000000000000000e+04
2.264020508000000120e+01 -5.100000000000000000e+04
2.268034584999999836e+01 -5.200000000000000000e+04
2.272764481999999830e+01 -5.300000000000000000e+04
2.278289009999999948e+01 -5.400000000000000000e+04
2.284594570999999874e+01 -5.500000000000000000e+04
2.291689738000000176e+01 -5.600000000000000000e+04
2.299608847000000011e+01 -5.700000000000000000e+04
2.308293206999999825e+01 -5.800000000000000000e+04
2.317756471999999945e+01 -5.900000000000000000e+04
2.327932592999999883e+01 -6.000000000000000000e+04
2.338743802000000116e+01 -6.100000000000000000e+04
2.350197934999999916e+01 -6.200000000000000000e+04
2.362141856999999945e+01 -6.300000000000000000e+04
2.374509747999999831e+01 -6.400000000000000000e+04
2.387291278000000005e+01 -6.500000000000000000e+04
2.400313812999999996e+01 -6.600000000000000000e+04
2.413552453000000142e+01 -6.700000000000000000e+04
2.426975198999999961e+01 -6.800000000000000000e+04
2.440447474000000128e+01 -6.900000000000000000e+04
2.453993910000000156e+01 -7.000000000000000000e+04
2.467547774000000160e+01 -7.100000000000000000e+04
2.481037407999999900e+01 -7.200000000000000000e+04
2.494501570999999984e+01 -7.300000000000000000e+04
2.507849953999999926e+01 -7.400000000000000000e+04
2.521058478999999863e+01 -7.500000000000000000e+04
2.534127649999999932e+01 -7.600000000000000000e+04
2.546929197000000045e+01 -7.700000000000000000e+04
2.559453626000000170e+01 -7.800000000000000000e+04
2.571648579000000012e+01 -7.900000000000000000e+04
2.583377502000000092e+01 -8.000000000000000000e+04
2.594612462999999991e+01 -8.100000000000000000e+04
2.605246338999999978e+01 -8.200000000000000000e+04
2.615199385000000021e+01 -8.300000000000000000e+04
2.624414046000000056e+01 -8.400000000000000000e+04
2.632779023999999879e+01 -8.500000000000000000e+04
2.640295490000000100e+01 -8.600000000000000000e+04
2.646903362000000115e+01 -8.700000000000000000e+04
2.652536920000000009e+01 -8.800000000000000000e+04
2.657254097999999942e+01 -8.900000000000000000e+04
2.661011015000000057e+01 -9.000000000000000000e+04
2.663821115000000006e+01 -9.100000000000000000e+04
2.665752636999999936e+01 -9.200000000000000000e+04
2.666753373999999965e+01 -9.300000000000000000e+04
2.666903428999999903e+01 -9.400000000000000000e+04
2.666237620000000064e+01 -9.500000000000000000e+04
2.664707115999999942e+01 -9.600000000000000000e+04
2.662405654000000155e+01 -9.700000000000000000e+04
2.659318434000000053e+01 -9.800000000000000000e+04
2.655424278999999999e+01 -9.900000000000000000e+04
2.650801828999999898e+01 -1.000000000000000000e+05
2.645401074999999835e+01 -1.010000000000000000e+05
2.639255810999999952e+01 -1.020000000000000000e+05
2.632439944000000054e+01 -1.030000000000000000e+05
2.624902881999999948e+01 -1.040000000000000000e+05
2.616737632999999974e+01 -1.050000000000000000e+05
2.608012482999999904e+01 -1.060000000000000000e+05
2.598730461999999974e+01 -1.070000000000000000e+05
2.589018373000000039e+01 -1.080000000000000000e+05
2.578925770000000028e+01 -1.090000000000000000e+05
2.568520180000000153e+01 -1.100000000000000000e+05
2.557940187000000165e+01 -1.110000000000000000e+05
2.547217902999999950e+01 -1.120000000000000000e+05
2.536442704999999975e+01 -1.130000000000000000e+05
2.525723156999999830e+01 -1.140000000000000000e+05
2.515098137000000023e+01 -1.150000000000000000e+05
2.504655745999999894e+01 -1.160000000000000000e+05
2.494440888000000101e+01 -1.170000000000000000e+05
2.484518845999999925e+01 -1.180000000000000000e+05
2.474966282000000106e+01 -1.190000000000000000e+05
2.465782353999999899e+01 -1.200000000000000000e+05
2.457044580000000167e+01 -1.210000000000000000e+05
2.448808259999999848e+01 -1.220000000000000000e+05
2.441070895000000007e+01 -1.230000000000000000e+05
2.433898345000000063e+01 -1.240000000000000000e+05
2.427321068999999909e+01 -1.250000000000000000e+05
2.421361615000000000e+01 -1.260000000000000000e+05
2.416071000000000168e+01 -1.270000000000000000e+05
2.411455255999999991e+01 -1.280000000000000000e+05
2.407552004000000068e+01 -1.290000000000000000e+05
2.404386393000000055e+01 -1.300000000000000000e+05
2.401947009999999949e+01 -1.310000000000000000e+05
2.400276484000000110e+01 -1.320000000000000000e+05
2.399366927999999888e+01 -1.330000000000000000e+05
2.399188494999999932e+01 -1.340000000000000000e+05
2.399758609999999948e+01 -1.350000000000000000e+05
2.401036574999999829e+01 -1.360000000000000000e+05
2.402976111999999986e+01 -1.370000000000000000e+05
2.405548784000000140e+01 -1.380000000000000000e+05
2.408676799999999929e+01 -1.390000000000000000e+05
2.412313457999999855e+01 -1.400000000000000000e+05
2.416403881000000098e+01 -1.410000000000000000e+05
2.420836775000000074e+01 -1.420000000000000000e+05
2.425574111999999971e+01 -1.430000000000000000e+05
2.430560357999999965e+01 -1.440000000000000000e+05
2.435686915000000141e+01 -1.450000000000000000e+05
2.440915516999999824e+01 -1.460000000000000000e+05
2.446199959999999862e+01 -1.470000000000000000e+05
2.451466321999999920e+01 -1.480000000000000000e+05
2.456673115999999979e+01 -1.490000000000000000e+05
2.461766904999999994e+01 -1.500000000000000000e+05
2.466698446999999916e+01 -1.510000000000000000e+05
2.471428832999999869e+01 -1.520000000000000000e+05
2.475877223999999899e+01 -1.530000000000000000e+05
2.479998880999999855e+01 -1.540000000000000000e+05
2.483751662999999965e+01 -1.550000000000000000e+05
2.487042689999999823e+01 -1.560000000000000000e+05
2.489826370999999838e+01 -1.570000000000000000e+05
2.492040739000000116e+01 -1.580000000000000000e+05
2.493609982999999986e+01 -1.590000000000000000e+05
2.494508603999999963e+01 -1.600000000000000000e+05
2.494678881999999831e+01 -1.610000000000000000e+05
2.494087747000000022e+01 -1.620000000000000000e+05
2.492743722999999889e+01 -1.630000000000000000e+05
2.490620267999999982e+01 -1.640000000000000000e+05
2.487732678000000064e+01 -1.650000000000000000e+05
2.484109216999999958e+01 -1.660000000000000000e+05
2.479774270000000058e+01 -1.670000000000000000e+05
2.474767960000000144e+01 -1.680000000000000000e+05
2.469105648000000031e+01 -1.690000000000000000e+05
2.462851556000000031e+01 -1.700000000000000000e+05
2.456037922999999878e+01 -1.710000000000000000e+05
2.448654587000000049e+01 -1.720000000000000000e+05
2.440771395999999882e+01 -1.730000000000000000e+05
2.432398965000000146e+01 -1.740000000000000000e+05
2.423518722000000025e+01 -1.750000000000000000e+05
2.414197478999999902e+01 -1.760000000000000000e+05
2.404430698999999905e+01 -1.770000000000000000e+05
2.394245189999999823e+01 -1.780000000000000000e+05
2.383710109000000088e+01 -1.790000000000000000e+05
2.372820003000000000e+01 -1.800000000000000000e+05
2.361682336000000149e+01 -1.810000000000000000e+05
2.350373614000000089e+01 -1.820000000000000000e+05
2.338916353000000115e+01 -1.830000000000000000e+05
2.327477979000000019e+01 -1.840000000000000000e+05
2.316143316000000141e+01 -1.850000000000000000e+05
2.304963657000000055e+01 -1.860000000000000000e+05
2.294109677999999874e+01 -1.870000000000000000e+05
2.283650098000000028e+01 -1.880000000000000000e+05
2.273655347000000049e+01 -1.890000000000000000e+05
2.264242996999999846e+01 -1.900000000000000000e+05
2.255453861000000160e+01 -1.910000000000000000e+05
2.247357333000000068e+01 -1.920000000000000000e+05
2.239992931000000098e+01 -1.930000000000000000e+05
2.233386515999999844e+01 -1.940000000000000000e+05
2.227589992000000052e+01 -1.950000000000000000e+05
2.222596743000000075e+01 -1.960000000000000000e+05
2.218420405000000173e+01 -1.970000000000000000e+05
2.215108169999999888e+01 -1.980000000000000000e+05
2.212649294999999938e+01 -1.990000000000000000e+05
2.211066797999999878e+01 -2.000000000000000000e+05
2.210392111000000170e+01 -2.010000000000000000e+05
2.210638695000000098e+01 -2.020000000000000000e+05
2.211841473000000136e+01 -2.030000000000000000e+05
2.213984913000000176e+01 -2.040000000000000000e+05
2.217095898000000176e+01 -2.050000000000000000e+05
2.221203573000000020e+01 -2.060000000000000000e+05
2.226274790000000081e+01 -2.070000000000000000e+05
2.232286414000000008e+01 -2.080000000000000000e+05
2.239221410000000034e+01 -2.090000000000000000e+05
2.247034252999999993e+01 -2.100000000000000000e+05
2.255672372000000081e+01 -2.110000000000000000e+05
2.265041283000000050e+01 -2.120000000000000000e+05
2.275074359999999984e+01 -2.130000000000000000e+05
2.285743012000000007e+01 -2.140000000000000000e+05
2.296886547000000078e+01 -2.150000000000000000e+05
2.308427242999999862e+01 -2.160000000000000000e+05
2.320350193999999888e+01 -2.170000000000000000e+05
2.332531197999999861e+01 -2.180000000000000000e+05
2.344891327999999930e+01 -2.190000000000000000e+05
2.357395149999999973e+01 -2.200000000000000000e+05
2.369980726000000004e+01 -2.210000000000000000e+05
2.382610395000000025e+01 -2.220000000000000000e+05
2.395218919999999940e+01 -2.230000000000000000e+05
2.407765017999999912e+01 -2.240000000000000000e+05
2.420255477999999982e+01 -2.250000000000000000e+05
2.432596618000000177e+01 -2.260000000000000000e+05
2.444770667999999958e+01 -2.270000000000000000e+05
2.456762210000000124e+01 -2.280000000000000000e+05
2.468490140000000110e+01 -2.290000000000000000e+05
2.479956109000000097e+01 -2.300000000000000000e+05
2.491101928999999870e+01 -2.310000000000000000e+05
2.501874065999999885e+01 -2.320000000000000000e+05
2.512277346999999850e+01 -2.330000000000000000e+05
2.522259255999999894e+01 -2.340000000000000000e+05
2.531784822999999918e+01 -2.350000000000000000e+05
2.540854222999999834e+01 -2.360000000000000000e+05
2.549451223999999883e+01 -2.370000000000000000e+05
2.557579366999999948e+01 -2.380000000000000000e+05
2.565201739999999830e+01 -2.390000000000000000e+05
2.572339612000000031e+01 -2.400000000000000000e+05
2.579030569000000028e+01 -2.410000000000000000e+05
2.585225847999999971e+01 -2.420000000000000000e+05
2.590976789999999852e+01 -2.430000000000000000e+05
2.596306073999999953e+01 -2.440000000000000000e+05
2.601208740999999947e+01 -2.450000000000000000e+05
2.605743933000000112e+01 -2.460000000000000000e+05
2.609904953999999933e+01 -2.470000000000000000e+05
2.613728379000000146e+01 -2.480000000000000000e+05
2.617269814999999866e+01 -2.490000000000000000e+05
2.620510132000000070e+01 -2.500000000000000000e+05
2.623498749000000174e+01 -2.510000000000000000e+05
2.626275633999999926e+01 -2.520000000000000000e+05
2.628829221999999888e+01 -2.530000000000000000e+05
2.631212191999999916e+01 -2.540000000000000000e+05
2.633426495999999872e+01 -2.550000000000000000e+05
2.635484771999999865e+01 -2.560000000000000000e+05
2.637424534999999892e+01 -2.570000000000000000e+05
2.639233536000000058e+01 -2.580000000000000000e+05
2.640943375999999887e+01 -2.590000000000000000e+05
2.642563201000000106e+01 -2.600000000000000000e+05
2.644096916000000164e+01 -2.610000000000000000e+05
2.645566901999999843e+01 -2.620000000000000000e+05
2.646964906999999911e+01 -2.630000000000000000e+05
2.648313136999999884e+01 -2.640000000000000000e+05
2.649619019000000009e+01 -2.650000000000000000e+05
2.650866468999999981e+01 -2.660000000000000000e+05
2.652084054999999907e+01 -2.670000000000000000e+05
2.653251876999999936e+01 -2.680000000000000000e+05
2.654360708999999829e+01 -2.690000000000000000e+05
2.655425516000000030e+01 -2.700000000000000000e+05
2.656408718000000135e+01 -2.710000000000000000e+05
2.657319531999999995e+01 -2.720000000000000000e+05
2.658135040000000160e+01 -2.730000000000000000e+05
2.658826626999999831e+01 -2.740000000000000000e+05
2.659396796000000052e+01 -2.750000000000000000e+05
2.659792075000000011e+01 -2.760000000000000000e+05
2.659998536000000158e+01 -2.770000000000000000e+05
2.659988466000000074e+01 -2.780000000000000000e+05
2.659693331000000072e+01 -2.790000000000000000e+05
2.659108143999999996e+01 -2.800000000000000000e+05
2.658163602000000125e+01 -2.810000000000000000e+05
2.656792413999999880e+01 -2.820000000000000000e+05
2.654989879000000030e+01 -2.830000000000000000e+05
2.652648100000000042e+01 -2.840000000000000000e+05
2.649729882000000103e+01 -2.850000000000000000e+05
2.646210101999999864e+01 -2.860000000000000000e+05
2.641993685999999997e+01 -2.870000000000000000e+05
2.637090866999999861e+01 -2.880000000000000000e+05
2.631461511999999914e+01 -2.890000000000000000e+05
2.625052081999999842e+01 -2.900000000000000000e+05
2.617912450000000035e+01 -2.910000000000000000e+05
2.610003817999999853e+01 -2.920000000000000000e+05
2.601315749999999838e+01 -2.930000000000000000e+05
2.591911058999999895e+01 -2.940000000000000000e+05
2.581748550000000009e+01 -2.950000000000000000e+05
2.570855032000000051e+01 -2.960000000000000000e+05
2.559234774999999829e+01 -2.970000000000000000e+05
2.546865073000000024e+01 -2.980000000000000000e+05
2.533783900999999972e+01 -2.990000000000000000e+05
2.519921413000000143e+01 -3.000000000000000000e+05
2.505292112000000060e+01 -3.010000000000000000e+05
2.489933534000000037e+01 -3.020000000000000000e+05
2.473747364000000104e+01 -3.030000000000000000e+05
2.456789656999999849e+01 -3.040000000000000000e+05
2.439120109999999997e+01 -3.050000000000000000e+05
2.420676685000000106e+01 -3.060000000000000000e+05
2.401574761999999907e+01 -3.070000000000000000e+05
2.381872279999999975e+01 -3.080000000000000000e+05
2.361644017000000062e+01 -3.090000000000000000e+05
2.341028542999999829e+01 -3.100000000000000000e+05
2.320044460000000086e+01 -3.110000000000000000e+05
2.298933113000000006e+01 -3.120000000000000000e+05
2.277813598999999911e+01 -3.130000000000000000e+05
2.256677747999999895e+01 -3.140000000000000000e+05
2.235806947000000022e+01 -3.150000000000000000e+05
2.215289154999999965e+01 -3.160000000000000000e+05
2.195134596999999843e+01 -3.170000000000000000e+05
2.175580564999999922e+01 -3.180000000000000000e+05
2.156643723999999906e+01 -3.190000000000000000e+05
2.138403655999999842e+01 -3.200000000000000000e+05
2.121030896999999982e+01 -3.210000000000000000e+05
2.104495027000000107e+01 -3.220000000000000000e+05
2.088966831000000113e+01 -3.230000000000000000e+05
2.074542896000000169e+01 -3.240000000000000000e+05
2.061253341000000106e+01 -3.250000000000000000e+05
2.049295588000000023e+01 -3.260000000000000000e+05
2.038722209999999890e+01 -3.270000000000000000e+05
2.029673239999999979e+01 -3.280000000000000000e+05
2.022338951000000051e+01 -3.290000000000000000e+05
2.016720016000000015e+01 -3.300000000000000000e+05
2.013003773999999879e+01 -3.310000000000000000e+05
2.011343321000000017e+01 -3.320000000000000000e+05
2.011721144999999922e+01 -3.330000000000000000e+05
2.014263546000000105e+01 -3.340000000000000000e+05
2.018992693999999943e+01 -3.350000000000000000e+05
2.025946546999999853e+01 -3.360000000000000000e+05
2.035102224999999976e+01 -3.370000000000000000e+05
2.046340847999999824e+01 -3.380000000000000000e+05
2.059729194999999891e+01 -3.390000000000000000e+05
2.075096458000000155e+01 -3.400000000000000000e+05
2.092276865999999913e+01 -3.410000000000000000e+05
2.111279473999999823e+01 -3.420000000000000000e+05
2.131838769000000156e+01 -3.430000000000000000e+05
2.153867238000000128e+01 -3.440000000000000000e+05
2.177295300999999839e+01 -3.450000000000000000e+05
2.201827606999999887e+01 -3.460000000000000000e+05
2.227497148999999865e+01 -3.470000000000000000e+05
2.254172679999999929e+01 -3.480000000000000000e+05
2.281632129000000120e+01 -3.490000000000000000e+05
2.309939990999999893e+01 -3.500000000000000000e+05
2.338907663999999897e+01 -3.510000000000000000e+05
2.368451346000000157e+01 -3.520000000000000000e+05
2.398577436000000063e+01 -3.530000000000000000e+05
2.429055714000000066e+01 -3.540000000000000000e+05
2.459890100999999873e+01 -3.550000000000000000e+05
2.490995172999999951e+01 -3.560000000000000000e+05
2.522154550000000128e+01 -3.570000000000000000e+05
2.553356120999999845e+01 -3.580000000000000000e+05
2.584414552000000143e+01 -3.590000000000000000e+05
2.615195137999999986e+01 -3.600000000000000000e+05
2.645609414999999842e+01 -3.610000000000000000e+05
2.675433036000000087e+01 -3.620000000000000000e+05
2.704635409000000124e+01 -3.630000000000000000e+05
2.733044608000000153e+01 -3.640000000000000000e+05
2.760499268999999956e+01 -3.650000000000000000e+05
2.787031805999999889e+01 -3.660000000000000000e+05
2.812431720000000013e+01 -3.670000000000000000e+05
2.836665474999999859e+01 -3.680000000000000000e+05
2.859768435999999880e+01 -3.690000000000000000e+05
2.881562801999999834e+01 -3.700000000000000000e+05
2.902131954000000036e+01 -3.710000000000000000e+05
2.921447026999999963e+01 -3.720000000000000000e+05
2.939413074000000137e+01 -3.730000000000000000e+05
2.956173253000000045e+01 -3.740000000000000000e+05
2.971619095000000144e+01 -3.750000000000000000e+05
2.985757858999999925e+01 -3.760000000000000000e+05
2.998706410999999861e+01 -3.770000000000000000e+05
3.010309824999999861e+01 -3.780000000000000000e+05
3.020634693999999953e+01 -3.790000000000000000e+05
3.029721218999999977e+01 -3.800000000000000000e+05
3.037441369000000080e+01 -3.810000000000000000e+05
3.043876055999999863e+01 -3.820000000000000000e+05
3.048977105000000165e+01 -3.830000000000000000e+05
3.052687522000000087e+01 -3.840000000000000000e+05
3.055082622000000114e+01 -3.850000000000000000e+05
3.056058733000000061e+01 -3.860000000000000000e+05
3.055660775999999856e+01 -3.870000000000000000e+05
3.053945068999999890e+01 -3.880000000000000000e+05
3.050825253000000004e+01 -3.890000000000000000e+05
3.046416815999999983e+01 -3.900000000000000000e+05
3.040745280999999878e+01 -3.910000000000000000e+05
3.033829232000000076e+01 -3.920000000000000000e+05
3.025800505999999856e+01 -3.930000000000000000e+05
3.016649475999999908e+01 -3.940000000000000000e+05
3.006487119000000163e+01 -3.950000000000000000e+05
2.995415648999999902e+01 -3.960000000000000000e+05
2.983396880000000095e+01 -3.970000000000000000e+05
2.970589053000000135e+01 -3.980000000000000000e+05
2.957041857000000107e+01 -3.990000000000000000e+05
2.942710753000000068e+01 -4.000000000000000000e+05
2.927718349999999958e+01 -4.010000000000000000e+05
2.912060473000000016e+01 -4.020000000000000000e+05
2.895741196000000173e+01 -4.030000000000000000e+05
2.878813743999999986e+01 -4.040000000000000000e+05
2.861234054999999898e+01 -4.050000000000000000e+05
2.843071158000000054e+01 -4.060000000000000000e+05
2.824322882999999962e+01 -4.070000000000000000e+05
2.804945623000000055e+01 -4.080000000000000000e+05
2.785060146000000003e+01 -4.090000000000000000e+05
2.764631565999999907e+01 -4.100000000000000000e+05
2.743683903000000157e+01 -4.110000000000000000e+05
2.722342584000000087e+01 -4.120000000000000000e+05
2.700560087999999936e+01 -4.130000000000000000e+05
2.678437393000000100e+01 -4.140000000000000000e+05
2.656078240000000079e+01 -4.150000000000000000e+05
2.633454807000000031e+01 -4.160000000000000000e+05
2.610662662000000012e+01 -4.170000000000000000e+05
2.587750481999999863e+01 -4.180000000000000000e+05
2.564762603999999868e+01 -4.190000000000000000e+05
2.541740198999999834e+01 -4.200000000000000000e+05
2.518635022000000134e+01 -4.210000000000000000e+05
2.495560662999999835e+01 -4.220000000000000000e+05
2.472519420000000068e+01 -4.230000000000000000e+05
2.449401360999999966e+01 -4.240000000000000000e+05
2.426287566999999967e+01 -4.250000000000000000e+05
2.403181617999999986e+01 -4.260000000000000000e+05
2.380027368000000010e+01 -4.270000000000000000e+05
2.356840430000000097e+01 -4.280000000000000000e+05
2.333625306000000066e+01 -4.290000000000000000e+05
2.310427028999999877e+01 -4.300000000000000000e+05
2.287257590000000107e+01 -4.310000000000000000e+05
2.264121679999999870e+01 -4.320000000000000000e+05
2.241145540999999852e+01 -4.330000000000000000e+05
2.218393616999999907e+01 -4.340000000000000000e+05
2.195919995999999941e+01 -4.350000000000000000e+05
2.173841181999999961e+01 -4.360000000000000000e+05
2.152264132000000174e+01 -4.370000000000000000e+05
2.131316594999999836e+01 -4.380000000000000000e+05
2.111073534999999879e+01 -4.390000000000000000e+05
2.091645176000000106e+01 -4.400000000000000000e+05
2.073139636999999880e+01 -4.410000000000000000e+05
2.055631696000000019e+01 -4.420000000000000000e+05
2.039234010999999924e+01 -4.430000000000000000e+05
2.023947985999999943e+01 -4.440000000000000000e+05
2.009845181000000025e+01 -4.450000000000000000e+05
1.997064986000000175e+01 -4.460000000000000000e+05
1.985532274999999913e+01 -4.470000000000000000e+05
1.975333904000000018e+01 -4.480000000000000000e+05
1.966603578000000141e+01 -4.490000000000000000e+05
1.959277210000000125e+01 -4.500000000000000000e+05
1.953514343000000153e+01 -4.510000000000000000e+05
1.949375651000000076e+01 -4.520000000000000000e+05
1.946854911000000143e+01 -4.530000000000000000e+05
1.946180779000000172e+01 -4.540000000000000000e+05
1.947350382999999852e+01 -4.550000000000000000e+05
1.950426892999999851e+01 -4.560000000000000000e+05
1.955618060000000114e+01 -4.570000000000000000e+05
1.962890322000000154e+01 -4.580000000000000000e+05
1.972363307999999904e+01 -4.590000000000000000e+05
1.984111232000000058e+01 -4.600000000000000000e+05
1.998076030000000003e+01 -4.610000000000000000e+05
2.014386359999999954e+01 -4.620000000000000000e+05
2.032954697999999993e+01 -4.630000000000000000e+05
2.053720587999999836e+01 -4.640000000000000000e+05
2.076683747999999952e+01 -4.650000000000000000e+05
2.101654624000000027e+01 -4.660000000000000000e+05
2.128630839999999935e+01 -4.670000000000000000e+05
2.157398218999999884e+01 -4.680000000000000000e+05
2.187749468999999891e+01 -4.690000000000000000e+05
2.219724426999999878e+01 -4.700000000000000000e+05
2.252977067000000133e+01 -4.710000000000000000e+05
2.287373287000000133e+01 -4.720000000000000000e+05
2.322928368000000177e+01 -4.730000000000000000e+05
2.359287507000000161e+01 -4.740000000000000000e+05
2.396454839000000092e+01 -4.750000000000000000e+05
2.434339148999999836e+01 -4.760000000000000000e+05
2.472686417999999975e+01 -4.770000000000000000e+05
2.511620505000000136e+01 -4.780000000000000000e+05
2.550912083000000052e+01 -4.790000000000000000e+05
2.590459418000000014e+01 -4.800000000000000000e+05
2.630357392000000161e+01 -4.810000000000000000e+05
2.670283191000000045e+01 -4.820000000000000000e+05
2.710275770000000151e+01 -4.830000000000000000e+05
2.750292922999999945e+01 -4.840000000000000000e+05
2.789960196999999908e+01 -4.850000000000000000e+05
2.829383247000000168e+01 -4.860000000000000000e+05
2.868392264999999952e+01 -4.870000000000000000e+05
2.906678417999999908e+01 -4.880000000000000000e+05
2.944265009000000077e+01 -4.890000000000000000e+05
2.980881400000000170e+01 -4.900000000000000000e+05
3.016454222000000129e+01 -4.910000000000000000e+05
3.050846706999999824e+01 -4.920000000000000000e+05
3.083789708999999846e+01 -4.930000000000000000e+05
3.115409543999999897e+01 -4.940000000000000000e+05
3.145470140000000114e+01 -4.950000000000000000e+05
3.173815511000000100e+01 -4.960000000000000000e+05
3.200603946999999749e+01 -4.970000000000000000e+05
3.225622845000000183e+01 -4.980000000000000000e+05
3.248862053999999944e+01 -4.990000000000000000e+05
3.270376376000000107e+01 -5.000000000000000000e+05
3.289991409000000289e+01 -5.010000000000000000e+05
3.307844836999999671e+01 -5.020000000000000000e+05
3.323845279999999747e+01 -5.030000000000000000e+05
3.337893865000000204e+01 -5.040000000000000000e+05
3.350148219999999810e+01 -5.050000000000000000e+05
3.360397799999999791e+01 -5.060000000000000000e+05
3.368664155999999821e+01 -5.070000000000000000e+05
3.374981036999999873e+01 -5.080000000000000000e+05
3.379147901000000331e+01 -5.090000000000000000e+05
3.381261646000000098e+01 -5.100000000000000000e+05
3.381204881000000029e+01 -5.110000000000000000e+05
3.378853228999999914e+01 -5.120000000000000000e+05
3.374367597999999902e+01 -5.130000000000000000e+05
3.367565079999999966e+01 -5.140000000000000000e+05
3.358424469999999928e+01 -5.150000000000000000e+05
3.347117898999999852e+01 -5.160000000000000000e+05
3.333513881999999739e+01 -5.170000000000000000e+05
3.317753297000000146e+01 -5.180000000000000000e+05
3.299902919000000168e+01 -5.190000000000000000e+05
3.279988096999999669e+01 -5.200000000000000000e+05
3.258242864999999711e+01 -5.210000000000000000e+05
3.234623837000000179e+01 -5.220000000000000000e+05
3.209290657999999752e+01 -5.230000000000000000e+05
3.182442507000000020e+01 -5.240000000000000000e+05
3.154038852000000048e+01 -5.250000000000000000e+05
3.124260066000000080e+01 -5.260000000000000000e+05
3.093148267000000118e+01 -5.270000000000000000e+05
3.060689989999999838e+01 -5.280000000000000000e+05
3.027095436999999833e+01 -5.290000000000000000e+05
2.992240466999999882e+01 -5.300000000000000000e+05
2.956163959999999946e+01 -5.310000000000000000e+05
2.919063003999999850e+01 -5.320000000000000000e+05
2.880801582000000138e+01 -5.330000000000000000e+05
2.841515111000000005e+01 -5.340000000000000000e+05
2.801265096999999926e+01 -5.350000000000000000e+05
2.760103106000000039e+01 -5.360000000000000000e+05
2.718286901000000100e+01 -5.370000000000000000e+05
2.675766018999999929e+01 -5.380000000000000000e+05
2.632755341000000016e+01 -5.390000000000000000e+05
2.589596089999999862e+01 -5.400000000000000000e+05
2.546252881999999929e+01 -5.410000000000000000e+05
2.502987771000000095e+01 -5.420000000000000000e+05
2.460061582000000158e+01 -5.430000000000000000e+05
2.417574122999999986e+01 -5.440000000000000000e+05
2.375784026999999909e+01 -5.450000000000000000e+05
2.334697908000000055e+01 -5.460000000000000000e+05
2.294537676999999931e+01 -5.470000000000000000e+05
2.255503918999999868e+01 -5.480000000000000000e+05
2.217470013000000151e+01 -5.490000000000000000e+05
2.180681384000000023e+01 -5.500000000000000000e+05
2.145203659999999957e+01 -5.510000000000000000e+05
2.110981750999999917e+01 -5.520000000000000000e+05
2.078247164000000069e+01 -5.530000000000000000e+05
2.046917270000000144e+01 -5.540000000000000000e+05
2.017098895999999897e+01 -5.550000000000000000e+05
1.989024837999999917e+01 -5.560000000000000000e+05
1.962546821999999835e+01 -5.570000000000000000e+05
1.937945627999999942e+01 -5.580000000000000000e+05
1.915378422999999941e+01 -5.590000000000000000e+05
1.894751111000000066e+01 -5.600000000000000000e+05
1.876437852000000106e+01 -5.610000000000000000e+05
1.860469338000000050e+01 -5.620000000000000000e+05
1.846852206000000152e+01 -5.630000000000000000e+05
1.835900016000000079e+01 -5.640000000000000000e+05
1.827535664999999909e+01 -5.650000000000000000e+05
1.821831175000000158e+01 -5.660000000000000000e+05
1.818911027000000047e+01 -5.670000000000000000e+05
1.818629643999999956e+01 -5.680000000000000000e+05
1.821096057999999829e+01 -5.690000000000000000e+05
1.826195466000000067e+01 -5.700000000000000000e+05
1.833762181000000169e+01 -5.710000000000000000e+05
1.843839863999999906e+01 -5.720000000000000000e+05
1.856195688000000033e+01 -5.730000000000000000e+05
1.870743484999999851e+01 -5.740000000000000000e+05
1.887343140000000119e+01 -5.750000000000000000e+05
1.905781586999999888e+01 -5.760000000000000000e+05
1.926088006999999891e+01 -5.770000000000000000e+05
1.948005372000000079e+01 -5.780000000000000000e+05
1.971379048000000012e+01 -5.790000000000000000e+05
1.996299577999999997e+01 -5.800000000000000000e+05
2.022535090999999952e+01 -5.810000000000000000e+05
2.050015631999999854e+01 -5.820000000000000000e+05
2.078764010000000084e+01 -5.830000000000000000e+05
2.108624152000000151e+01 -5.840000000000000000e+05
2.139655727999999968e+01 -5.850000000000000000e+05
2.171726701000000048e+01 -5.860000000000000000e+05
2.204751325999999878e+01 -5.870000000000000000e+05
2.238828932999999921e+01 -5.880000000000000000e+05
2.273742122999999893e+01 -5.890000000000000000e+05
2.309431522999999942e+01 -5.900000000000000000e+05
2.345910307000000117e+01 -5.910000000000000000e+05
2.382967233999999834e+01 -5.920000000000000000e+05
2.420568867000000068e+01 -5.930000000000000000e+05
2.458618833999999964e+01 -5.940000000000000000e+05
2.496893947999999952e+01 -5.950000000000000000e+05
2.535393760999999913e+01 -5.960000000000000000e+05
2.574003606999999860e+01 -5.970000000000000000e+05
2.612575636000000046e+01 -5.980000000000000000e+05
2.651029373000000078e+01 -5.990000000000000000e+05
2.689294502999999992e+01 -6.000000000000000000e+05
2.727355478999999860e+01 -6.010000000000000000e+05
2.765055466999999823e+01 -6.020000000000000000e+05
2.802369335999999933e+01 -6.030000000000000000e+05
2.839345923000000127e+01 -6.040000000000000000e+05
2.875873075999999884e+01 -6.050000000000000000e+05
2.911900830000000084e+01 -6.060000000000000000e+05
2.947442309999999921e+01 -6.070000000000000000e+05
2.982485347000000075e+01 -6.080000000000000000e+05
3.016988496999999825e+01 -6.090000000000000000e+05
3.050817469000000060e+01 -6.100000000000000000e+05
3.083993110000000115e+01 -6.110000000000000000e+05
3.116496220999999878e+01 -6.120000000000000000e+05
3.148104919000000024e+01 -6.130000000000000000e+05
3.178833166000000077e+01 -6.140000000000000000e+05
3.208584419000000310e+01 -6.150000000000000000e+05
3.237168753000000265e+01 -6.160000000000000000e+05
3.264583696999999773e+01 -6.170000000000000000e+05
3.290641896000000344e+01 -6.180000000000000000e+05
3.315243986000000120e+01 -6.190000000000000000e+05
3.338382079000000147e+01 -6.200000000000000000e+05
3.359848259000000326e+01 -6.210000000000000000e+05
3.379610957999999954e+01 -6.220000000000000000e+05
3.397648518999999823e+01 -6.230000000000000000e+05
3.413846325000000093e+01 -6.240000000000000000e+05
3.428228371000000152e+01 -6.250000000000000000e+05
3.440709650000000153e+01 -6.260000000000000000e+05
3.451307931000000195e+01 -6.270000000000000000e+05
3.460066248999999772e+01 -6.280000000000000000e+05
3.466839216999999707e+01 -6.290000000000000000e+05
3.471728602000000308e+01 -6.300000000000000000e+05
3.474734329000000344e+01 -6.310000000000000000e+05
3.475717207999999658e+01 -6.320000000000000000e+05
3.474788198000000250e+01 -6.330000000000000000e+05
3.471842852999999707e+01 -6.340000000000000000e+05
3.466825166000000280e+01 -6.350000000000000000e+05
3.459804790999999824e+01 -6.360000000000000000e+05
3.450553659999999923e+01 -6.370000000000000000e+05
3.439124406999999906e+01 -6.380000000000000000e+05
3.425518963999999755e+01 -6.390000000000000000e+05
3.409489854000000264e+01 -6.400000000000000000e+05
3.391171701999999755e+01 -6.410000000000000000e+05
3.370500304000000114e+01 -6.420000000000000000e+05
3.347375577999999763e+01 -6.430000000000000000e+05
3.321963845999999876e+01 -6.440000000000000000e+05
3.294148735000000272e+01 -6.450000000000000000e+05
3.264046783999999946e+01 -6.460000000000000000e+05
3.231836699000000124e+01 -6.470000000000000000e+05
3.197430134000000024e+01 -6.480000000000000000e+05
3.161082761000000119e+01 -6.490000000000000000e+05
3.122915796999999927e+01 -6.500000000000000000e+05
3.082985606000000089e+01 -6.510000000000000000e+05
3.041540622000000127e+01 -6.520000000000000000e+05
2.998551489000000103e+01 -6.530000000000000000e+05
2.954254142999999999e+01 -6.540000000000000000e+05
2.908791466999999997e+01 -6.550000000000000000e+05
2.862002378000000036e+01 -6.560000000000000000e+05
2.814181556999999856e+01 -6.570000000000000000e+05
2.765343302000000136e+01 -6.580000000000000000e+05
2.715368880000000118e+01 -6.590000000000000000e+05
2.664523833999999880e+01 -6.600000000000000000e+05
2.612683171000000115e+01 -6.610000000000000000e+05
2.559952068999999852e+01 -6.620000000000000000e+05
2.506563687999999956e+01 -6.630000000000000000e+05
2.452347286999999909e+01 -6.640000000000000000e+05
2.397688721000000101e+01 -6.650000000000000000e+05
2.342781310999999889e+01 -6.660000000000000000e+05
2.287577336000000017e+01 -6.670000000000000000e+05
2.232635757999999981e+01 -6.680000000000000000e+05
2.178106671000000105e+01 -6.690000000000000000e+05
2.124137706999999864e+01 -6.700000000000000000e+05
2.071301679999999834e+01 -6.710000000000000000e+05
2.019736729999999980e+01 -6.720000000000000000e+05
1.969731468999999890e+01 -6.730000000000000000e+05
1.921665402000000000e+01 -6.740000000000000000e+05
1.875749980999999877e+01 -6.750000000000000000e+05
1.832355580000000117e+01 -6.760000000000000000e+05
1.791590874999999983e+01 -6.770000000000000000e+05
1.753773125000000022e+01 -6.780000000000000000e+05
1.719263628999999938e+01 -6.790000000000000000e+05
1.688047876999999986e+01 -6.800000000000000000e+05
1.660459170000000029e+01 -6.810000000000000000e+05
1.636733583999999908e+01 -6.820000000000000000e+05
1.616944207999999961e+01 -6.830000000000000000e+05
1.601366851999999952e+01 -6.840000000000000000e+05
1.589973121999999961e+01 -6.850000000000000000e+05
1.582946463999999942e+01 -6.860000000000000000e+05
1.580434664999999939e+01 -6.870000000000000000e+05
1.582235814999999945e+01 -6.880000000000000000e+05
1.588478364999999926e+01 -6.890000000000000000e+05
1.599073148000000089e+01 -6.900000000000000000e+05
1.613865178000000000e+01 -6.910000000000000000e+05
1.632778392000000167e+01 -6.920000000000000000e+05
1.655472321999999963e+01 -6.930000000000000000e+05
1.681883291000000114e+01 -6.940000000000000000e+05
1.711812639000000047e+01 -6.950000000000000000e+05
1.744761855000000139e+01 -6.960000000000000000e+05
1.780601937999999862e+01 -6.970000000000000000e+05
1.819055123000000052e+01 -6.980000000000000000e+05
1.859716630999999865e+01 -6.990000000000000000e+05
1.902303264000000027e+01 -7.000000000000000000e+05
1.946458365999999884e+01 -7.010000000000000000e+05
1.992027355000000099e+01 -7.020000000000000000e+05
2.038590101999999860e+01 -7.030000000000000000e+05
2.085818158000000011e+01 -7.040000000000000000e+05
2.133659893999999824e+01 -7.050000000000000000e+05
2.181723059999999847e+01 -7.060000000000000000e+05
2.229886567000000142e+01 -7.070000000000000000e+05
2.278088450999999992e+01 -7.080000000000000000e+05
2.326014028999999894e+01 -7.090000000000000000e+05
2.373742376999999948e+01 -7.100000000000000000e+05
2.421181078000000042e+01 -7.110000000000000000e+05
2.468113286999999900e+01 -7.120000000000000000e+05
2.514705232000000024e+01 -7.130000000000000000e+05
2.560768919999999937e+01 -7.140000000000000000e+05
2.606252757000000031e+01 -7.150000000000000000e+05
2.651233669999999876e+01 -7.160000000000000000e+05
2.695416622999999845e+01 -7.170000000000000000e+05
2.738916396000000120e+01 -7.180000000000000000e+05
2.781672105999999900e+01 -7.190000000000000000e+05
2.823354486999999935e+01 -7.200000000000000000e+05
2.864122954000000121e+01 -7.210000000000000000e+05
2.903817998999999972e+01 -7.220000000000000000e+05
2.942211182999999863e+01 -7.230000000000000000e+05
2.979432399999999959e+01 -7.240000000000000000e+05
3.015252150999999969e+01 -7.250000000000000000e+05
3.049646424999999894e+01 -7.260000000000000000e+05
3.082661454999999862e+01 -7.270000000000000000e+05
3.114070571999999970e+01 -7.280000000000000000e+05
3.144034558999999973e+01 -7.290000000000000000e+05
3.172499429000000148e+01 -7.300000000000000000e+05
3.199359146000000109e+01 -7.310000000000000000e+05
3.224804686000000231e+01 -7.320000000000000000e+05
3.248727162000000135e+01 -7.330000000000000000e+05
3.271179885000000098e+01 -7.340000000000000000e+05
3.292255114999999677e+01 -7.350000000000000000e+05
3.311835896000000190e+01 -7.360000000000000000e+05
3.330086153999999965e+01 -7.370000000000000000e+05
3.346962996999999973e+01 -7.380000000000000000e+05
3.362372192000000126e+01 -7.390000000000000000e+05
3.376502682999999649e+01 -7.400000000000000000e+05
3.389168696000000125e+01 -7.410000000000000000e+05
3.400344503000000174e+01 -7.420000000000000000e+05
3.410151171999999775e+01 -7.430000000000000000e+05
3.418350622999999899e+01 -7.440000000000000000e+05
3.425003571999999963e+01 -7.450000000000000000e+05
3.430093868000000157e+01 -7.460000000000000000e+05
3.433445574000000278e+01 -7.470000000000000000e+05
3.435188544999999749e+01 -7.480000000000000000e+05
3.435186575000000175e+01 -7.490000000000000000e+05
3.433387117000000188e+01 -7.500000000000000000e+05
3.429930784999999815e+01 -7.510000000000000000e+05
3.424653978999999993e+01 -7.520000000000000000e+05
3.417672430999999733e+01 -7.530000000000000000e+05
3.409023836000000074e+01 -7.540000000000000000e+05
3.398612322999999691e+01 -7.550000000000000000e+05
3.386657439999999752e+01 -7.560000000000000000e+05
3.373061246000000324e+01 -7.570000000000000000e+05
3.357855762999999882e+01 -7.580000000000000000e+05
3.341221832000000092e+01 -7.590000000000000000e+05
3.322993893999999671e+01 -7.600000000000000000e+05
3.303304252000000218e+01 -7.610000000000000000e+05
3.282198108000000047e+01 -7.620000000000000000e+05
3.259520873999999679e+01 -7.630000000000000000e+05
3.235459695000000124e+01 -7.640000000000000000e+05
3.209901035000000036e+01 -7.650000000000000000e+05
3.182773407000000176e+01 -7.660000000000000000e+05
3.154242982999999967e+01 -7.670000000000000000e+05
3.124085077000000155e+01 -7.680000000000000000e+05
3.092371285999999841e+01 -7.690000000000000000e+05
3.059179173000000063e+01 -7.700000000000000000e+05
3.024288457000000108e+01 -7.710000000000000000e+05
2.987886480999999961e+01 -7.720000000000000000e+05
2.949969390000000047e+01 -7.730000000000000000e+05
2.910435624000000132e+01 -7.740000000000000000e+05
2.869545971000000151e+01 -7.750000000000000000e+05
2.827245648999999972e+01 -7.760000000000000000e+05
2.783596941000000058e+01 -7.770000000000000000e+05
2.738861542000000071e+01 -7.780000000000000000e+05
2.692986515000000125e+01 -7.790000000000000000e+05
2.646151436999999973e+01 -7.800000000000000000e+05
2.598473484000000155e+01 -7.810000000000000000e+05
2.550032234000000031e+01 -7.820000000000000000e+05
2.501030851999999882e+01 -7.830000000000000000e+05
2.451374300999999889e+01 -7.840000000000000000e+05
2.401284920999999883e+01 -7.850000000000000000e+05
2.350937872000000084e+01 -7.860000000000000000e+05
2.300134038999999930e+01 -7.870000000000000000e+05
2.249135814999999994e+01 -7.880000000000000000e+05
2.198122049999999916e+01 -7.890000000000000000e+05
2.147009905000000174e+01 -7.900000000000000000e+05
2.096043347999999895e+01 -7.910000000000000000e+05
2.045337789999999956e+01 -7.920000000000000000e+05
1.995160552999999837e+01 -7.930000000000000000e+05
1.945744853000000063e+01 -7.940000000000000000e+05
1.897116253000000086e+01 -7.950000000000000000e+05
1.849885618000000065e+01 -7.960000000000000000e+05
1.804277238999999966e+01 -7.970000000000000000e+05
1.760419621000000134e+01 -7.980000000000000000e+05
1.718980918000000102e+01 -7.990000000000000000e+05
1.680149867000000086e+01 -8.000000000000000000e+05
1.644263452999999942e+01 -8.010000000000000000e+05
1.611850122999999968e+01 -8.020000000000000000e+05
1.583015772000000077e+01 -8.030000000000000000e+05
1.558215226999999992e+01 -8.040000000000000000e+05
1.537764778999999926e+01 -8.050000000000000000e+05
1.521741388000000050e+01 -8.060000000000000000e+05
1.510467359999999992e+01 -8.070000000000000000e+05
1.503961787000000072e+01 -8.080000000000000000e+05
1.502410668999999999e+01 -8.090000000000000000e+05
1.505795043000000000e+01 -8.100000000000000000e+05
1.513920685000000077e+01 -8.110000000000000000e+05
1.526941369999999942e+01 -8.120000000000000000e+05
1.544538870000000053e+01 -8.130000000000000000e+05
1.566471321000000039e+01 -8.140000000000000000e+05
1.592667379999999966e+01 -8.150000000000000000e+05
1.622682754999999943e+01 -8.160000000000000000e+05
1.656386970000000147e+01 -8.170000000000000000e+05
1.693503995000000018e+01 -8.180000000000000000e+05
1.733583197999999825e+01 -8.190000000000000000e+05
1.776619798000000117e+01 -8.200000000000000000e+05
1.822193674000000030e+01 -8.210000000000000000e+05
1.870014225999999979e+01 -8.220000000000000000e+05
1.920034972999999923e+01 -8.230000000000000000e+05
1.971752400000000094e+01 -8.240000000000000000e+05
2.025080446000000123e+01 -8.250000000000000000e+05
2.079815419000000176e+01 -8.260000000000000000e+05
2.135434852999999933e+01 -8.270000000000000000e+05
2.191937266000000051e+01 -8.280000000000000000e+05
2.249018240999999918e+01 -8.290000000000000000e+05
2.306254493000000139e+01 -8.300000000000000000e+05
2.363582939999999866e+01 -8.310000000000000000e+05
2.420650269000000065e+01 -8.320000000000000000e+05
2.477288027000000170e+01 -8.330000000000000000e+05
2.533322560999999951e+01 -8.340000000000000000e+05
2.588447280999999833e+01 -8.350000000000000000e+05
2.642717474000000166e+01 -8.360000000000000000e+05
2.695899139999999861e+01 -8.370000000000000000e+05
2.747861359999999920e+01 -8.380000000000000000e+05
2.798681262999999930e+01 -8.390000000000000000e+05
2.848136055999999883e+01 -8.400000000000000000e+05
2.896286591999999871e+01 -8.410000000000000000e+05
2.943114376000000121e+01 -8.420000000000000000e+05
2.988415174000000007e+01 -8.430000000000000000e+05
3.032339732000000154e+01 -8.440000000000000000e+05
3.074744627999999835e+01 -8.450000000000000000e+05
3.115496381999999898e+01 -8.460000000000000000e+05
3.154706407999999840e+01 -8.470000000000000000e+05
3.192099376999999905e+01 -8.480000000000000000e+05
3.227681889000000126e+01 -8.490000000000000000e+05
3.261454916999999654e+01 -8.500000000000000000e+05
3.293117557000000062e+01 -8.510000000000000000e+05
3.322747274999999689e+01 -8.520000000000000000e+05
3.350275213999999835e+01 -8.530000000000000000e+05
3.375525692000000078e+01 -8.540000000000000000e+05
3.398542782999999901e+01 -8.550000000000000000e+05
3.419228221000000190e+01 -8.560000000000000000e+05
3.437616435000000337e+01 -8.570000000000000000e+05
3.453722847000000229e+01 -8.580000000000000000e+05
3.467426813000000152e+01 -8.590000000000000000e+05
3.478913510999999659e+01 -8.600000000000000000e+05
3.488170517999999731e+01 -8.610000000000000000e+05
3.495155694999999696e+01 -8.620000000000000000e+05
3.500066068000000286e+01 -8.630000000000000000e+05
3.502835206999999684e+01 -8.640000000000000000e+05
3.503569391999999993e+01 -8.650000000000000000e+05
3.502368787999999711e+01 -8.660000000000000000e+05
3.499131059999999849e+01 -8.670000000000000000e+05
3.494053315000000026e+01 -8.680000000000000000e+05
3.487153943999999939e+01 -8.690000000000000000e+05
3.478349451999999786e+01 -8.700000000000000000e+05
3.467811728000000215e+01 -8.710000000000000000e+05
3.455500229999999817e+01 -8.720000000000000000e+05
3.441430914000000030e+01 -8.730000000000000000e+05
3.425684781999999728e+01 -8.740000000000000000e+05
3.408181683000000106e+01 -8.750000000000000000e+05
3.389070183999999841e+01 -8.760000000000000000e+05
3.368347286000000196e+01 -8.770000000000000000e+05
3.345952891000000307e+01 -8.780000000000000000e+05
3.322084628000000350e+01 -8.790000000000000000e+05
3.296745503999999727e+01 -8.800000000000000000e+05
3.269949734000000063e+01 -8.810000000000000000e+05
3.241828184999999962e+01 -8.820000000000000000e+05
3.212444675999999788e+01 -8.830000000000000000e+05
3.181898092000000133e+01 -8.840000000000000000e+05
3.150218471000000164e+01 -8.850000000000000000e+05
3.117499025000000046e+01 -8.860000000000000000e+05
3.083891441000000100e+01 -8.870000000000000000e+05
3.049377344999999906e+01 -8.880000000000000000e+05
3.014063631999999870e+01 -8.890000000000000000e+05
2.978033770000000047e+01 -8.900000000000000000e+05
2.941246487000000087e+01 -8.910000000000000000e+05
2.903869243000000111e+01 -8.920000000000000000e+05
2.865888050999999948e+01 -8.930000000000000000e+05
2.827259992999999838e+01 -8.940000000000000000e+05
2.788166508000000121e+01 -8.950000000000000000e+05
2.748566161000000108e+01 -8.960000000000000000e+05
2.708440271999999993e+01 -8.970000000000000000e+05
2.667877544999999984e+01 -8.980000000000000000e+05
2.626912185000000122e+01 -8.990000000000000000e+05
2.585647979000000163e+01 -9.000000000000000000e+05
2.544024671000000026e+01 -9.010000000000000000e+05
2.502106699000000134e+01 -9.020000000000000000e+05
2.460175120999999976e+01 -9.030000000000000000e+05
2.418131023000000113e+01 -9.040000000000000000e+05
2.376033177000000052e+01 -9.050000000000000000e+05
2.334182793000000089e+01 -9.060000000000000000e+05
2.292570959000000030e+01 -9.070000000000000000e+05
2.251295732999999899e+01 -9.080000000000000000e+05
2.210499623000000113e+01 -9.090000000000000000e+05
2.170291223999999985e+01 -9.100000000000000000e+05
2.130831154999999910e+01 -9.110000000000000000e+05
2.092113128000000088e+01 -9.120000000000000000e+05
2.054295142999999868e+01 -9.130000000000000000e+05
2.017525361999999944e+01 -9.140000000000000000e+05
1.981804889000000003e+01 -9.150000000000000000e+05
1.947328809000000049e+01 -9.160000000000000000e+05
1.914136940999999936e+01 -9.170000000000000000e+05
1.882327186999999924e+01 -9.180000000000000000e+05
1.852148620999999906e+01 -9.190000000000000000e+05
1.823593560000000124e+01 -9.200000000000000000e+05
1.796869502999999924e+01 -9.210000000000000000e+05
1.772199188000000092e+01 -9.220000000000000000e+05
1.749636033000000168e+01 -9.230000000000000000e+05
1.729495529000000076e+01 -9.240000000000000000e+05
1.711873680000000064e+01 -9.250000000000000000e+05
1.696915256999999855e+01 -9.260000000000000000e+05
1.684985135000000156e+01 -9.270000000000000000e+05
1.676033224000000033e+01 -9.280000000000000000e+05
1.670258421000000126e+01 -9.290000000000000000e+05
1.667906596999999991e+01 -9.300000000000000000e+05
1.668864260999999871e+01 -9.310000000000000000e+05
1.673326739000000174e+01 -9.320000000000000000e+05
1.681288445999999936e+01 -9.330000000000000000e+05
1.692624555000000086e+01 -9.340000000000000000e+05
1.707450199999999896e+01 -9.350000000000000000e+05
1.725543125000000089e+01 -9.360000000000000000e+05
1.746804011000000045e+01 -9.370000000000000000e+05
1.771183627999999999e+01 -9.380000000000000000e+05
1.798384691000000046e+01 -9.390000000000000000e+05
1.828377010999999897e+01 -9.400000000000000000e+05
1.860889407000000162e+01 -9.410000000000000000e+05
1.895672410999999968e+01 -9.420000000000000000e+05
1.932737295000000088e+01 -9.430000000000000000e+05
1.971711340999999962e+01 -9.440000000000000000e+05
2.012459309999999846e+01 -9.450000000000000000e+05
2.054916508999999891e+01 -9.460000000000000000e+05
2.098749302999999955e+01 -9.470000000000000000e+05
2.143985933000000088e+01 -9.480000000000000000e+05
2.190390859000000034e+01 -9.490000000000000000e+05
2.237726899000000103e+01 -9.500000000000000000e+05
2.286129107000000005e+01 -9.510000000000000000e+05
2.335231831000000113e+01 -9.520000000000000000e+05
2.384907408999999845e+01 -9.530000000000000000e+05
2.435192689999999871e+01 -9.540000000000000000e+05
2.485725899999999911e+01 -9.550000000000000000e+05
2.536487767999999932e+01 -9.560000000000000000e+05
2.587293246999999852e+01 -9.570000000000000000e+05
2.637841262999999969e+01 -9.580000000000000000e+05
2.688182785000000052e+01 -9.590000000000000000e+05
2.738000264000000072e+01 -9.600000000000000000e+05
2.787128176999999951e+01 -9.610000000000000000e+05
2.835531483999999836e+01 -9.620000000000000000e+05
2.882901401999999891e+01 -9.630000000000000000e+05
2.929286958000000141e+01 -9.640000000000000000e+05
2.974474053000000140e+01 -9.650000000000000000e+05
3.018228364999999869e+01 -9.660000000000000000e+05
3.060766187000000116e+01 -9.670000000000000000e+05
3.101821630999999968e+01 -9.680000000000000000e+05
3.141238129999999984e+01 -9.690000000000000000e+05
3.179181559999999962e+01 -9.700000000000000000e+05
3.215426906999999801e+01 -9.710000000000000000e+05
3.249978812999999889e+01 -9.720000000000000000e+05
3.282784697999999679e+01 -9.730000000000000000e+05
3.313663611999999858e+01 -9.740000000000000000e+05
3.342791906000000068e+01 -9.750000000000000000e+05
3.369914330999999663e+01 -9.760000000000000000e+05
3.394915647999999919e+01 -9.770000000000000000e+05
3.417960367999999960e+01 -9.780000000000000000e+05
3.438773173999999955e+01 -9.790000000000000000e+05
3.457376052000000044e+01 -9.800000000000000000e+05
3.473760073999999776e+01 -9.810000000000000000e+05
3.487739037000000053e+01 -9.820000000000000000e+05
3.499481149999999730e+01 -9.830000000000000000e+05
3.508827651000000003e+01 -9.840000000000000000e+05
3.515705754999999755e+01 -9.850000000000000000e+05
3.520326869000000158e+01 -9.860000000000000000e+05
3.522500160999999963e+01 -9.870000000000000000e+05
3.522312560999999675e+01 -9.880000000000000000e+05
3.519849502999999658e+01 -9.890000000000000000e+05
3.514994080999999682e+01 -9.900000000000000000e+05
3.507978306999999774e+01 -9.910000000000000000e+05
3.498691468999999898e+01 -9.920000000000000000e+05
3.487171929000000148e+01 -9.930000000000000000e+05
3.473670477000000290e+01 -9.940000000000000000e+05
3.457988115999999934e+01 -9.950000000000000000e+05
3.440306195000000145e+01 -9.960000000000000000e+05
3.420758236000000352e+01 -9.970000000000000000e+05
3.399205057999999724e+01 -9.980000000000000000e+05
3.375896912000000327e+01 -9.990000000000000000e+05
3.350802946999999676e+01 -1.000000000000000000e+06
