# Distance (km), Depth (m)
6.062978508676906131e-01 -4.948100000000000165e+01
8.960911151145012354e-01 -5.237800000000000011e+01
1.188042181904933159e+00 -6.187400000000000233e+01
1.482139966718818869e+00 -7.847799999999999443e+01
3.428448234589950516e+00 -1.566289999999999907e+02
3.730486776643658686e+00 -1.874960000000000093e+02
4.486465345732369769e+00 -2.391450000000000102e+02
4.793155898567960094e+00 -2.535159999999999911e+02
6.603798094306711164e+00 -3.166619999999999777e+02
6.914492398237143789e+00 -3.258620000000000232e+02
7.541908263809631308e+00 -3.442699999999999818e+02
7.858608445658120445e+00 -3.548290000000000077e+02
8.632582343985774287e+00 -3.751360000000000241e+02
8.953680504335324031e+00 -3.819350000000000023e+02
9.276731312552755071e+00 -3.898890000000000100e+02
1.155909401292086613e+01 -4.281779999999999973e+02
1.038578520272173478e+01 -4.084399999999999977e+02
