# Distance (km), Depth (m)
4.128221927620927545e-01 -2.298499999999999943e+01
5.921378587528920434e-01 -5.604599999999999937e+01
1.834555405507813930e+00 -1.223580000000000041e+02
3.079405782209988729e+00 -2.403139999999999930e+02
5.387953160294557620e+00 -2.660930000000000177e+02
6.637670162823781084e+00 -2.992939999999999827e+02
7.889674169966070849e+00 -3.221410000000000196e+02
9.143923533936344938e+00 -3.453039999999999736e+02
1.101713063039699136e+01 -3.839929999999999950e+02
1.227850748993671459e+01 -4.014920000000000186e+02
1.416770789310567125e+01 -4.227010000000000218e+02
