# Distance (km), Depth (m)
0.000000000000000000e+00 -1.230169999999999959e+02
6.488609893104637649e-01 -1.259009999999999962e+02
3.007059316367360680e+00 -2.110459999999999923e+02
3.656227214372336221e+00 -2.273569999999999993e+02
4.954906939592490289e+00 -2.733170000000000073e+02
5.604417054556165567e+00 -2.995169999999999959e+02
7.963648527778843800e+00 -3.345649999999999977e+02
8.613448247125290891e+00 -3.413009999999999877e+02
9.263357639482364903e+00 -3.481120000000000232e+02
1.162321519796313396e+01 -3.576809999999999832e+02
