maxins_wm2,time_y
207.91,0
209.47,-1000
211.71,-2000
214.32,-3000
217.21,-4000
220.43,-5000
223.92,-6000
228,-7000
231.72,-8000
235.94,-9000
239.68,-10000
243.9,-11000
247.22,-12000
251.18,-13000
254.48,-14000
257.77,-15000
260.72,-16000
263.12,-17000
265.1,-18000
266.66,-19000
267.75,-20000
268.12,-21000
268.03,-22000
267.43,-23000
266.13,-24000
264.32,-25000
261.92,-26000
259.1,-27000
255.74,-28000
251.94,-29000
248.38,-30000
243.77,-31000
238.91,-32000
234.15,-33000
228.85,-34000
223.42,-35000
218.48,-36000
213.4,-37000
208.09,-38000
203.76,-39000
198.92,-40000
195.21,-41000
191.88,-42000
189.09,-43000
186.42,-44000
185.01,-45000
184.26,-46000
184.64,-47000
185.51,-48000
187.05,-49000
189.78,-50000
192.75,-51000
196.95,-52000
201.69,-53000
206.87,-54000
212.55,-55000
218.55,-56000
224.89,-57000
232.03,-58000
239.11,-59000
246.01,-60000
252.97,-61000
260,-62000
267.2,-63000
273.75,-64000
280.56,-65000
286.85,-66000
291.78,-67000
297.11,-68000
301.61,-69000
305.05,-70000
308.43,-71000
309.66,-72000
310.9,-73000
312.02,-74000
311.87,-75000
310.19,-76000
308.44,-77000
306.34,-78000
302.71,-79000
298.54,-80000
294.86,-81000
289.81,-82000
283.47,-83000
277.92,-84000
272.22,-85000
265.93,-86000
260.09,-87000
254.06,-88000
248.24,-89000
242.3,-90000
237.3,-91000
232.37,-92000
227.73,-93000
224.2,-94000
221.46,-95000
219.47,-96000
218.4,-97000
217.58,-98000
217.65,-99000
218.98,-100000
220.48,-101000
222.73,-102000
225.04,-103000
228.22,-104000
231.72,-105000
235.04,-106000
239.06,-107000
242.66,-108000
246.21,-109000
249.83,-110000
253.17,-111000
257.04,-112000
259.8,-113000
262.49,-114000
264.82,-115000
266.83,-116000
268.27,-117000
269.75,-118000
270.28,-119000
270.5,-120000
270.74,-121000
269.89,-122000
269.2,-123000
268.08,-124000
266.43,-125000
264.38,-126000
261.97,-127000
259.19,-128000
255.9,-129000
253.05,-130000
248.99,-131000
245.46,-132000
241.7,-133000
237.74,-134000
233.59,-135000
229.33,-136000
225.33,-137000
221.49,-138000
217.26,-139000
213.94,-140000
210.79,-141000
208,-142000
205.08,-143000
203.04,-144000
201.48,-145000
200.73,-146000
200.51,-147000
201.03,-148000
202.38,-149000
204.49,-150000
207.34,-151000
210.44,-152000
214.61,-153000
219.51,-154000
224.44,-155000
230.36,-156000
236.65,-157000
242.83,-158000
249.21,-159000
255.61,-160000
262.25,-161000
268.32,-162000
274.79,-163000
281.05,-164000
285.96,-165000
291.57,-166000
295.51,-167000
299.15,-168000
301.91,-169000
303.98,-170000
305.17,-171000
305.85,-172000
305.75,-173000
304.18,-174000
302.68,-175000
299.06,-176000
296.06,-177000
291.41,-178000
286.57,-179000
280.98,-180000
274.66,-181000
268,-182000
261.07,-183000
254.44,-184000
247.24,-185000
240.02,-186000
233.16,-187000
226.71,-188000
219.92,-189000
213.39,-190000
207.81,-191000
202.52,-192000
197.53,-193000
193.82,-194000
190.1,-195000
187.36,-196000
185.33,-197000
184.38,-198000
183.61,-199000
184.07,-200000
185.23,-201000
186.89,-202000
189.12,-203000
191.92,-204000
195.65,-205000
199.62,-206000
203.99,-207000
208.49,-208000
213.17,-209000
217.97,-210000
223.17,-211000
227.89,-212000
232.87,-213000
237.94,-214000
242.44,-215000
246.87,-216000
250.79,-217000
254.41,-218000
257.66,-219000
260.46,-220000
263.27,-221000
264.99,-222000
266.25,-223000
266.98,-224000
267.1,-225000
267.25,-226000
266.55,-227000
265.15,-228000
263.27,-229000
260.91,-230000
258.48,-231000
255.67,-232000
252.07,-233000
248.77,-234000
245.24,-235000
241.11,-236000
237.79,-237000
233.67,-238000
230.49,-239000
227,-240000
223.77,-241000
220.91,-242000
218.45,-243000
216.67,-244000
215.24,-245000
214.49,-246000
214.37,-247000
214.44,-248000
215.79,-249000
217.26,-250000
219.8,-251000
222.63,-252000
226.41,-253000
230.25,-254000
235.07,-255000
239.85,-256000
244.87,-257000
250.67,-258000
256.23,-259000
261.9,-260000
267.71,-261000
273.95,-262000
279.44,-263000
285.09,-264000
290.16,-265000
295.5,-266000
300.45,-267000
304.51,-268000
308.11,-269000
311.23,-270000
314.45,-271000
317.34,-272000
318.78,-273000
318.91,-274000
319.14,-275000
318.71,-276000
317.69,-277000
315.23,-278000
313.03,-279000
309.38,-280000
305.68,-281000
301.24,-282000
295.76,-283000
290.42,-284000
284.27,-285000
278.46,-286000
271.94,-287000
264.91,-288000
258.45,-289000
251.69,-290000
245.66,-291000
239.54,-292000
233.41,-293000
227.88,-294000
223.43,-295000
218.93,-296000
215.59,-297000
213.02,-298000
210.74,-299000
209.78,-300000
209.33,-301000
210.06,-302000
211.02,-303000
212.63,-304000
214.76,-305000
216.9,-306000
219.83,-307000
222.9,-308000
225.61,-309000
228.84,-310000
231.57,-311000
234.06,-312000
236.66,-313000
238.77,-314000
240.41,-315000
242.04,-316000
242.92,-317000
243.68,-318000
243.43,-319000
243.29,-320000
242.65,-321000
241.42,-322000
240.38,-323000
238.26,-324000
236.26,-325000
233.72,-326000
230.76,-327000
227.61,-328000
224.65,-329000
221.34,-330000
217.82,-331000
214.48,-332000
210.93,-333000
208.06,-334000
204.13,-335000
201.48,-336000
198.21,-337000
195.44,-338000
192.32,-339000
190.09,-340000
188.27,-341000
186.26,-342000
184.98,-343000
183.95,-344000
183.24,-345000
183,-346000
183.79,-347000
184.49,-348000
186.21,-349000
188.56,-350000
191.52,-351000
195.06,-352000
199.69,-353000
204.49,-354000
209.88,-355000
216.29,-356000
222.67,-357000
229.94,-358000
237.14,-359000
244.6,-360000
252.83,-361000
260.72,-362000
268.76,-363000
276.76,-364000
284.61,-365000
292.24,-366000
299.7,-367000
306.75,-368000
313.14,-369000
319.4,-370000
324.79,-371000
329.45,-372000
333.31,-373000
336.66,-374000
339.41,-375000
340.95,-376000
341.76,-377000
341.92,-378000
341.57,-379000
340.47,-380000
338.14,-381000
335.36,-382000
332.09,-383000
328.3,-384000
323.69,-385000
318.47,-386000
312.93,-387000
307.74,-388000
301.58,-389000
295.99,-390000
289.97,-391000
284.18,-392000
277.8,-393000
272.66,-394000
267.5,-395000
262.55,-396000
258.22,-397000
254.39,-398000
251.53,-399000
249.33,-400000
247.56,-401000
246.52,-402000
246.33,-403000
246.78,-404000
248.04,-405000
249.72,-406000
252.06,-407000
254.91,-408000
257.53,-409000
260.94,-410000
264.09,-411000
267.28,-412000
270.59,-413000
273.55,-414000
276.88,-415000
279.49,-416000
281.79,-417000
283.65,-418000
284.8,-419000
285.62,-420000
285.96,-421000
285.55,-422000
284.55,-423000
282.98,-424000
280.09,-425000
277.29,-426000
273.78,-427000
269.77,-428000
265.24,-429000
260.32,-430000
254.9,-431000
249.04,-432000
242.76,-433000
236.24,-434000
229.48,-435000
222.94,-436000
216.47,-437000
209.85,-438000
202.86,-439000
196.9,-440000
191.13,-441000
185.54,-442000
180.19,-443000
175.3,-444000
171.09,-445000
167.5,-446000
164.58,-447000
161.97,-448000
159.71,-449000
158.64,-450000
158.35,-451000
158.03,-452000
159.16,-453000
160.47,-454000
162.44,-455000
164.55,-456000
167.59,-457000
171.48,-458000
175.17,-459000
179.59,-460000
184.69,-461000
189.96,-462000
195.46,-463000
200.95,-464000
207.02,-465000
213.66,-466000
220.28,-467000
226.95,-468000
233.15,-469000
239.44,-470000
246.07,-471000
252.42,-472000
258.4,-473000
264.56,-474000
269.99,-475000
275.42,-476000
280.43,-477000
284.36,-478000
288.41,-479000
291.93,-480000
294.87,-481000
297.2,-482000
299.07,-483000
300.27,-484000
301.14,-485000
301.54,-486000
301.53,-487000
300.59,-488000
299.68,-489000
298.36,-490000
296.53,-491000
294.69,-492000
292.88,-493000
291.19,-494000
288.92,-495000
286.94,-496000
285.32,-497000
283.65,-498000
282.68,-499000
281.97,-500000
281.51,-501000
281.8,-502000
282.72,-503000
284.42,-504000
286.47,-505000
289.14,-506000
292.12,-507000
295.79,-508000
300.06,-509000
304.39,-510000
309.21,-511000
314.4,-512000
319.4,-513000
324.52,-514000
329.51,-515000
334.13,-516000
338.78,-517000
343.2,-518000
346.51,-519000
349.47,-520000
352.47,-521000
354.41,-522000
355.03,-523000
354.98,-524000
354.38,-525000
352.99,-526000
350.84,-527000
347.48,-528000
343.09,-529000
338.14,-530000
332.66,-531000
325.89,-532000
319.11,-533000
311.21,-534000
302.89,-535000
294.58,-536000
284.94,-537000
276.09,-538000
267.07,-539000
256.93,-540000
247.32,-541000
238.34,-542000
229.03,-543000
220.5,-544000
212.37,-545000
204.06,-546000
196.81,-547000
190.55,-548000
184.15,-549000
179.23,-550000
174.23,-551000
170.32,-552000
167.51,-553000
164.8,-554000
163.02,-555000
161.83,-556000
161.71,-557000
161.07,-558000
161.58,-559000
162.81,-560000
164.19,-561000
165.67,-562000
167.37,-563000
169.55,-564000
172.33,-565000
175.21,-566000
178.03,-567000
181.38,-568000
185.22,-569000
189.16,-570000
192.7,-571000
196.62,-572000
200.73,-573000
205.11,-574000
208.41,-575000
212.91,-576000
216.51,-577000
220.28,-578000
223.9,-579000
226.98,-580000
230.33,-581000
233.33,-582000
235.98,-583000
238.1,-584000
239.86,-585000
241.83,-586000
243.35,-587000
244.36,-588000
245.23,-589000
245.61,-590000
245.51,-591000
245.85,-592000
245.24,-593000
244.99,-594000
244.86,-595000
244.43,-596000
243.51,-597000
243.2,-598000
243.03,-599000
242.62,-600000
243,-601000
243.82,-602000
244.71,-603000
246.36,-604000
248.22,-605000
250.7,-606000
253.85,-607000
258.01,-608000
262.37,-609000
266.96,-610000
272.56,-611000
278.8,-612000
284.98,-613000
292.12,-614000
299.24,-615000
306.64,-616000
314.32,-617000
321.7,-618000
329.53,-619000
337.33,-620000
344.21,-621000
351.5,-622000
358.08,-623000
364.39,-624000
369.94,-625000
375.4,-626000
379.24,-627000
383.28,-628000
385.98,-629000
388.06,-630000
388.89,-631000
389.63,-632000
388.31,-633000
386.98,-634000
384.45,-635000
381.15,-636000
376.34,-637000
371.24,-638000
365.24,-639000
358.58,-640000
351.08,-641000
342.78,-642000
334.7,-643000
325.91,-644000
317.13,-645000
307.76,-646000
298.6,-647000
289.62,-648000
280.4,-649000
271.69,-650000
263.48,-651000
255.82,-652000
248.09,-653000
241.9,-654000
235.86,-655000
230.76,-656000
226.08,-657000
222.62,-658000
219.56,-659000
217.15,-660000
215.44,-661000
214.33,-662000
213.06,-663000
212.59,-664000
211.89,-665000
211.65,-666000
211.02,-667000
210.69,-668000
209.72,-669000
209.04,-670000
208,-671000
206.63,-672000
204.97,-673000
202.84,-674000
200.93,-675000
199.25,-676000
197.41,-677000
194.95,-678000
192.78,-679000
190.95,-680000
188.84,-681000
186.92,-682000
184.93,-683000
183.18,-684000
182.46,-685000
180.84,-686000
180.32,-687000
179.53,-688000
179.13,-689000
179.14,-690000
179.53,-691000
179.77,-692000
180.32,-693000
181.28,-694000
182.02,-695000
183.19,-696000
184.16,-697000
184.73,-698000
186.41,-699000
187.18,-700000
188.56,-701000
189.65,-702000
190.9,-703000
192.18,-704000
193.36,-705000
195.39,-706000
196.97,-707000
199.37,-708000
201.84,-709000
204.66,-710000
208.47,-711000
212.45,-712000
216.96,-713000
222.12,-714000
227.86,-715000
234.3,-716000
240.77,-717000
248.18,-718000
255.71,-719000
264.03,-720000
272.23,-721000
280.73,-722000
289.52,-723000
297.86,-724000
305.83,-725000
314.15,-726000
322.39,-727000
330.4,-728000
337.78,-729000
344.66,-730000
350.43,-731000
356.59,-732000
361.42,-733000
365.82,-734000
369.58,-735000
372.14,-736000
373.94,-737000
375.14,-738000
375.75,-739000
374.97,-740000
374.23,-741000
371.83,-742000
369.31,-743000
366.29,-744000
362.25,-745000
357.89,-746000
352.53,-747000
347,-748000
341.34,-749000
334.96,-750000
328.59,-751000
322.29,-752000
315.64,-753000
309.14,-754000
302.96,-755000
297.08,-756000
291.23,-757000
285.86,-758000
281.07,-759000
276.59,-760000
273.18,-761000
269.82,-762000
267.24,-763000
265.55,-764000
264.12,-765000
263.38,-766000
263.79,-767000
263.84,-768000
264.92,-769000
266.02,-770000
267.47,-771000
268.64,-772000
270.43,-773000
271.85,-774000
273.23,-775000
273.9,-776000
274.83,-777000
275.22,-778000
274.9,-779000
274.17,-780000
273.13,-781000
270.99,-782000
268.82,-783000
265.49,-784000
261.67,-785000
257.24,-786000
252.35,-787000
247.52,-788000
241.73,-789000
235.56,-790000
229.04,-791000
222.19,-792000
215.12,-793000
208.4,-794000
201.04,-795000
194.14,-796000
187.15,-797000
180.16,-798000
173.71,-799000
167.52,-800000
161.93,-801000
156.43,-802000
151.54,-803000
147.44,-804000
143.28,-805000
140.57,-806000
137.96,-807000
135.42,-808000
134.06,-809000
133.4,-810000
132.89,-811000
133.49,-812000
134.29,-813000
135.27,-814000
137.46,-815000
139.91,-816000
143.07,-817000
147.1,-818000
151.41,-819000
156.07,-820000
161.6,-821000
167.5,-822000
174.38,-823000
181.58,-824000
189.12,-825000
197.63,-826000
206.37,-827000
215.38,-828000
224.73,-829000
234.07,-830000
243.76,-831000
252.92,-832000
262.55,-833000
272.1,-834000
281.41,-835000
289.98,-836000
299.07,-837000
306.94,-838000
314.17,-839000
321.19,-840000
327.4,-841000
333.47,-842000
338.44,-843000
342.13,-844000
345.84,-845000
348.4,-846000
350.02,-847000
350.81,-848000
350.95,-849000
350.5,-850000
349.63,-851000
347.81,-852000
345.76,-853000
342.45,-854000
339.39,-855000
336.25,-856000
332.15,-857000
328.58,-858000
324.25,-859000
320.14,-860000
316.31,-861000
312.37,-862000
309.15,-863000
305.63,-864000
302.61,-865000
300.13,-866000
298.4,-867000
296.73,-868000
295.66,-869000
294.7,-870000
294.48,-871000
294.7,-872000
295.42,-873000
296.3,-874000
297.48,-875000
299.07,-876000
300.58,-877000
302.28,-878000
304.06,-879000
305.49,-880000
307.52,-881000
308.92,-882000
310.16,-883000
310.8,-884000
311.84,-885000
311.85,-886000
311.69,-887000
311.05,-888000
309.83,-889000
308.39,-890000
305.79,-891000
303.2,-892000
299.65,-893000
295.58,-894000
291.6,-895000
286.56,-896000
281.23,-897000
275.52,-898000
268.83,-899000
262.58,-900000
256.03,-901000
249.16,-902000
241.87,-903000
234.98,-904000
228.04,-905000
220.61,-906000
214.01,-907000
207.3,-908000
201,-909000
194.93,-910000
189.14,-911000
183.65,-912000
179.09,-913000
174.35,-914000
170.52,-915000
167.09,-916000
164.06,-917000
161.81,-918000
159.52,-919000
157.86,-920000
157.08,-921000
156.02,-922000
155.68,-923000
155.99,-924000
156.44,-925000
157.05,-926000
158.23,-927000
160.02,-928000
161.92,-929000
163.85,-930000
166.38,-931000
169.42,-932000
172.66,-933000
176.1,-934000
180.39,-935000
184.7,-936000
189.49,-937000
193.97,-938000
199.23,-939000
204.3,-940000
209.86,-941000
215.2,-942000
220.33,-943000
225.8,-944000
231.15,-945000
236.87,-946000
241.57,-947000
246.56,-948000
251.26,-949000
256.18,-950000
259.98,-951000
264.15,-952000
267.26,-953000
270.46,-954000
273.32,-955000
275.82,-956000
277.88,-957000
279.34,-958000
280.88,-959000
281.98,-960000
282.52,-961000
283.54,-962000
284.04,-963000
284.24,-964000
284.85,-965000
285.33,-966000
285.57,-967000
286.1,-968000
286.73,-969000
287.75,-970000
288.75,-971000
290.12,-972000
291.89,-973000
293.58,-974000
295.82,-975000
298.46,-976000
301.48,-977000
304.44,-978000
307.35,-979000
310.5,-980000
314,-981000
317.71,-982000
321.09,-983000
324.2,-984000
327.83,-985000
330.49,-986000
333.65,-987000
336.36,-988000
338.24,-989000
340.13,-990000
341.78,-991000
343.24,-992000
343.88,-993000
343.75,-994000
343.86,-995000
342.5,-996000
341.46,-997000
339.38,-998000
336.92,-999000
334.09,-1000000
330.41,-1001000
326.42,-1002000
321.84,-1003000
316.66,-1004000
311.91,-1005000
306.08,-1006000
299.8,-1007000
293.78,-1008000
287.14,-1009000
280.42,-1010000
273.92,-1011000
267.45,-1012000
261.14,-1013000
254.95,-1014000
248.92,-1015000
242.62,-1016000
237.24,-1017000
231.78,-1018000
227.12,-1019000
222.86,-1020000
218.61,-1021000
215.17,-1022000
212.26,-1023000
209.66,-1024000
207.56,-1025000
205.67,-1026000
204.68,-1027000
203.4,-1028000
202.83,-1029000
202.5,-1030000
202.24,-1031000
202.09,-1032000
202.53,-1033000
202.9,-1034000
203.28,-1035000
203.6,-1036000
204.27,-1037000
205.05,-1038000
205.97,-1039000
207.02,-1040000
207.58,-1041000
208.81,-1042000
209.63,-1043000
210.39,-1044000
211.36,-1045000
212.14,-1046000
212.69,-1047000
213.53,-1048000
214.07,-1049000
215.02,-1050000
214.99,-1051000
215.98,-1052000
216.13,-1053000
216.55,-1054000
216.78,-1055000
216.8,-1056000
217.11,-1057000
217.21,-1058000
217.18,-1059000
217.63,-1060000
217.7,-1061000
217.84,-1062000
217.74,-1063000
217.56,-1064000
217.93,-1065000
218.12,-1066000
218.55,-1067000
218.89,-1068000
219.37,-1069000
220.53,-1070000
221.22,-1071000
222.68,-1072000
224.4,-1073000
226.18,-1074000
228.47,-1075000
230.98,-1076000
233.72,-1077000
236.82,-1078000
240.15,-1079000
243.8,-1080000
247.71,-1081000
251.86,-1082000
256.73,-1083000
261.27,-1084000
266.04,-1085000
270.89,-1086000
275.79,-1087000
280.72,-1088000
285.82,-1089000
290.16,-1090000
295,-1091000
299.32,-1092000
303.89,-1093000
307.78,-1094000
311.54,-1095000
315.03,-1096000
317.69,-1097000
320.68,-1098000
322.93,-1099000
324.75,-1100000
326.49,-1101000
327.35,-1102000
328.41,-1103000
328.75,-1104000
328.55,-1105000
328.38,-1106000
327.48,-1107000
326.56,-1108000
325.22,-1109000
323.44,-1110000
321.54,-1111000
319.27,-1112000
316.7,-1113000
314.08,-1114000
311.44,-1115000
308.07,-1116000
305.01,-1117000
302.04,-1118000
298.73,-1119000
295.62,-1120000
292.91,-1121000
289.76,-1122000
286.91,-1123000
284.46,-1124000
281.78,-1125000
279.42,-1126000
277.58,-1127000
275.97,-1128000
274.32,-1129000
273,-1130000
271.99,-1131000
271.36,-1132000
270.6,-1133000
270.09,-1134000
269.76,-1135000
269.6,-1136000
269.68,-1137000
269.75,-1138000
269.36,-1139000
269.09,-1140000
269.13,-1141000
268.5,-1142000
268.06,-1143000
267.64,-1144000
266.49,-1145000
265.06,-1146000
264.2,-1147000
262.17,-1148000
260.61,-1149000
258.06,-1150000
255.79,-1151000
253.72,-1152000
250.91,-1153000
247.74,-1154000
244.8,-1155000
241.69,-1156000
238.3,-1157000
235.15,-1158000
231.9,-1159000
228.45,-1160000
225.36,-1161000
222.12,-1162000
218.82,-1163000
215.98,-1164000
213.05,-1165000
210.16,-1166000
207.91,-1167000
206.09,-1168000
203.85,-1169000
202.15,-1170000
201.04,-1171000
199.68,-1172000
198.87,-1173000
198.76,-1174000
198.28,-1175000
198.58,-1176000
199.03,-1177000
200.21,-1178000
201.17,-1179000
202.85,-1180000
204.71,-1181000
207.43,-1182000
209.88,-1183000
212.45,-1184000
215.8,-1185000
219.37,-1186000
223.05,-1187000
226.9,-1188000
230.26,-1189000
234.27,-1190000
238.67,-1191000
242.72,-1192000
246.7,-1193000
250.38,-1194000
254.17,-1195000
257.73,-1196000
261.02,-1197000
264.2,-1198000
267.22,-1199000
269.85,-1200000
272.22,-1201000
274.43,-1202000
276.28,-1203000
277.84,-1204000
279.13,-1205000
280.14,-1206000
280.85,-1207000
281.48,-1208000
281.24,-1209000
281.48,-1210000
281.57,-1211000
280.8,-1212000
280.67,-1213000
280.43,-1214000
279.88,-1215000
279.58,-1216000
278.81,-1217000
278.32,-1218000
278.14,-1219000
277.8,-1220000
277.6,-1221000
277.3,-1222000
277.35,-1223000
277.54,-1224000
277.93,-1225000
278.41,-1226000
278.65,-1227000
279.57,-1228000
280.22,-1229000
281.04,-1230000
282.49,-1231000
283.66,-1232000
284.55,-1233000
286.11,-1234000
287.69,-1235000
288.95,-1236000
290.4,-1237000
291.86,-1238000
293.49,-1239000
295.1,-1240000
296.45,-1241000
298.22,-1242000
299.58,-1243000
300.62,-1244000
302.04,-1245000
303.02,-1246000
304.11,-1247000
305.09,-1248000
306.02,-1249000
306.48,-1250000
306.93,-1251000
307.14,-1252000
307.37,-1253000
307.46,-1254000
306.92,-1255000
306.09,-1256000
305.21,-1257000
303.66,-1258000
301.92,-1259000
300.51,-1260000
297.89,-1261000
295.58,-1262000
293.22,-1263000
290.15,-1264000
286.88,-1265000
283.58,-1266000
280.16,-1267000
276.58,-1268000
273.01,-1269000
268.93,-1270000
265.37,-1271000
261.29,-1272000
257.84,-1273000
253.94,-1274000
250.65,-1275000
247.07,-1276000
243.6,-1277000
240.77,-1278000
237.67,-1279000
235.27,-1280000
232.96,-1281000
230.89,-1282000
229,-1283000
227.23,-1284000
226.1,-1285000
224.59,-1286000
223.65,-1287000
222.8,-1288000
222.67,-1289000
221.94,-1290000
222.3,-1291000
222.19,-1292000
222.68,-1293000
222.93,-1294000
223.25,-1295000
224.07,-1296000
224.78,-1297000
225.28,-1298000
226.35,-1299000
227.13,-1300000
227.78,-1301000
228.84,-1302000
229.7,-1303000
230.28,-1304000
231.3,-1305000
232.11,-1306000
232.68,-1307000
233.07,-1308000
233.8,-1309000
234.27,-1310000
233.97,-1311000
234.67,-1312000
234.6,-1313000
234.35,-1314000
234.75,-1315000
234.3,-1316000
234.14,-1317000
233.62,-1318000
233.83,-1319000
233.67,-1320000
233.78,-1321000
233.99,-1322000
233.8,-1323000
234.3,-1324000
234.97,-1325000
235.82,-1326000
236.93,-1327000
237.81,-1328000
239.36,-1329000
241.15,-1330000
242.72,-1331000
244.93,-1332000
246.88,-1333000
248.96,-1334000
251.76,-1335000
254.12,-1336000
256.59,-1337000
259.18,-1338000
262.2,-1339000
264.8,-1340000
267.39,-1341000
269.89,-1342000
271.81,-1343000
274.16,-1344000
276.36,-1345000
278.37,-1346000
279.78,-1347000
281.55,-1348000
282.62,-1349000
283.99,-1350000
284.79,-1351000
285.92,-1352000
286.39,-1353000
286.82,-1354000
287.64,-1355000
287.83,-1356000
288.11,-1357000
288.32,-1358000
288.48,-1359000
288.7,-1360000
288.47,-1361000
288.75,-1362000
289.12,-1363000
289.15,-1364000
289.25,-1365000
289.81,-1366000
290.14,-1367000
290.57,-1368000
291.1,-1369000
291.73,-1370000
292.05,-1371000
292.92,-1372000
293.46,-1373000
294.12,-1374000
294.8,-1375000
295.65,-1376000
296.11,-1377000
296.63,-1378000
297.65,-1379000
298.33,-1380000
298.6,-1381000
299.29,-1382000
299.67,-1383000
299.97,-1384000
300.46,-1385000
301,-1386000
301.02,-1387000
301.07,-1388000
301.13,-1389000
301.18,-1390000
300.65,-1391000
300.11,-1392000
299.7,-1393000
298.98,-1394000
298.33,-1395000
296.94,-1396000
295.48,-1397000
293.73,-1398000
291.96,-1399000
290.03,-1400000
287.81,-1401000
284.92,-1402000
281.86,-1403000
279.12,-1404000
275.61,-1405000
271.98,-1406000
267.99,-1407000
263.92,-1408000
259.71,-1409000
255.18,-1410000
250.62,-1411000
245.94,-1412000
241.05,-1413000
236.17,-1414000
231.64,-1415000
226.72,-1416000
222.16,-1417000
217.79,-1418000
213.29,-1419000
209.05,-1420000
205.24,-1421000
201.71,-1422000
198.15,-1423000
195.26,-1424000
192.68,-1425000
190.12,-1426000
188.24,-1427000
186.58,-1428000
185.58,-1429000
184.74,-1430000
184.08,-1431000
184.17,-1432000
184.35,-1433000
185.24,-1434000
186.34,-1435000
188.04,-1436000
189.92,-1437000
191.94,-1438000
194.56,-1439000
197.27,-1440000
200.05,-1441000
203.4,-1442000
206.76,-1443000
210.08,-1444000
214,-1445000
217.24,-1446000
220.91,-1447000
224.49,-1448000
227.95,-1449000
231.24,-1450000
234.86,-1451000
237.76,-1452000
240.37,-1453000
243.34,-1454000
245.49,-1455000
247.81,-1456000
249.45,-1457000
250.88,-1458000
252.46,-1459000
253.34,-1460000
254.01,-1461000
254.61,-1462000
255.39,-1463000
255.75,-1464000
255.51,-1465000
255.79,-1466000
256.3,-1467000
256.37,-1468000
256.96,-1469000
257.32,-1470000
258.04,-1471000
259.01,-1472000
260.25,-1473000
261.43,-1474000
263.42,-1475000
265.25,-1476000
267.97,-1477000
270.67,-1478000
273.52,-1479000
276.79,-1480000
279.88,-1481000
283.62,-1482000
287.14,-1483000
290.88,-1484000
294.63,-1485000
298.48,-1486000
302.45,-1487000
306.29,-1488000
309.64,-1489000
313.43,-1490000
316.59,-1491000
319.63,-1492000
322.51,-1493000
324.67,-1494000
326.93,-1495000
328.69,-1496000
330.16,-1497000
331.24,-1498000
332.23,-1499000
332.92,-1500000
332.9,-1501000
333.13,-1502000
332.55,-1503000
331.78,-1504000
330.2,-1505000
328.89,-1506000
326.95,-1507000
324.7,-1508000
322.35,-1509000
319.95,-1510000
317.26,-1511000
313.94,-1512000
310.64,-1513000
307.21,-1514000
303.7,-1515000
299.71,-1516000
295.72,-1517000
291.76,-1518000
287.83,-1519000
283.8,-1520000
279.39,-1521000
275.11,-1522000
271.14,-1523000
267.01,-1524000
263.13,-1525000
259.09,-1526000
255.08,-1527000
251.31,-1528000
247.83,-1529000
244.53,-1530000
240.93,-1531000
238.12,-1532000
234.98,-1533000
232.02,-1534000
229.26,-1535000
226.71,-1536000
224.21,-1537000
221.8,-1538000
219.52,-1539000
217.2,-1540000
214.92,-1541000
212.72,-1542000
210.34,-1543000
207.91,-1544000
206.04,-1545000
203.41,-1546000
201.3,-1547000
198.97,-1548000
197.11,-1549000
195.1,-1550000
192.96,-1551000
190.63,-1552000
188.64,-1553000
187.11,-1554000
185.48,-1555000
183.64,-1556000
182.75,-1557000
181.24,-1558000
180.63,-1559000
179.37,-1560000
178.98,-1561000
178.56,-1562000
178.52,-1563000
178.33,-1564000
178.72,-1565000
179.35,-1566000
179.83,-1567000
180.71,-1568000
181.48,-1569000
182.15,-1570000
183.27,-1571000
184.85,-1572000
185.87,-1573000
187.49,-1574000
189.6,-1575000
191.36,-1576000
193.17,-1577000
195.79,-1578000
198.54,-1579000
201.62,-1580000
205.07,-1581000
208.87,-1582000
212.64,-1583000
217.29,-1584000
222.35,-1585000
227.9,-1586000
233.88,-1587000
239.79,-1588000
246.47,-1589000
253.03,-1590000
259.87,-1591000
266.88,-1592000
274.05,-1593000
281.36,-1594000
288.2,-1595000
294.76,-1596000
301.51,-1597000
308.06,-1598000
313.51,-1599000
319.01,-1600000
324.17,-1601000
328.12,-1602000
332.41,-1603000
335.28,-1604000
338.1,-1605000
340.02,-1606000
341.45,-1607000
342.39,-1608000
342.97,-1609000
342.66,-1610000
342.01,-1611000
340.41,-1612000
338.63,-1613000
336.64,-1614000
334.28,-1615000
331.49,-1616000
328.54,-1617000
325.55,-1618000
322.49,-1619000
319.27,-1620000
316.02,-1621000
312.98,-1622000
309.72,-1623000
306.7,-1624000
303.85,-1625000
301.36,-1626000
299.3,-1627000
296.86,-1628000
294.92,-1629000
293.25,-1630000
291.38,-1631000
290.3,-1632000
289.03,-1633000
288.01,-1634000
287.19,-1635000
286.67,-1636000
285.8,-1637000
285.12,-1638000
285.1,-1639000
284.67,-1640000
283.77,-1641000
283.48,-1642000
283.27,-1643000
282.41,-1644000
281.44,-1645000
280.56,-1646000
279.36,-1647000
278.05,-1648000
276.61,-1649000
274.83,-1650000
272.32,-1651000
270.16,-1652000
267.11,-1653000
263.81,-1654000
260.2,-1655000
256.93,-1656000
252.81,-1657000
248.44,-1658000
243.66,-1659000
238.87,-1660000
233.64,-1661000
228.21,-1662000
222.74,-1663000
217.06,-1664000
211.27,-1665000
205.16,-1666000
199.15,-1667000
193.11,-1668000
187.83,-1669000
182.32,-1670000
176.85,-1671000
171.66,-1672000
166.86,-1673000
162.38,-1674000
158,-1675000
154.26,-1676000
150.65,-1677000
147.24,-1678000
144.58,-1679000
142.42,-1680000
140.59,-1681000
139.41,-1682000
138.82,-1683000
138.51,-1684000
138.83,-1685000
139.39,-1686000
140.62,-1687000
142.1,-1688000
144.8,-1689000
147.6,-1690000
150.9,-1691000
154.74,-1692000
158.86,-1693000
163.78,-1694000
169.41,-1695000
175.27,-1696000
181.34,-1697000
188.16,-1698000
195.08,-1699000
202.15,-1700000
209.89,-1701000
217.65,-1702000
225.4,-1703000
233.05,-1704000
240.76,-1705000
248.01,-1706000
255.84,-1707000
262.93,-1708000
269.4,-1709000
275.71,-1710000
281.57,-1711000
286.97,-1712000
291.87,-1713000
296.34,-1714000
299.66,-1715000
303.08,-1716000
305.54,-1717000
307.43,-1718000
308.83,-1719000
309.91,-1720000
310.41,-1721000
310.28,-1722000
310.02,-1723000
309.25,-1724000
308.34,-1725000
307.57,-1726000
306.54,-1727000
305.58,-1728000
304.93,-1729000
304.21,-1730000
303.58,-1731000
303.8,-1732000
304.23,-1733000
304.73,-1734000
305.78,-1735000
307.45,-1736000
309.24,-1737000
311.5,-1738000
314.23,-1739000
317.02,-1740000
320.12,-1741000
323.03,-1742000
326.24,-1743000
329.08,-1744000
332.5,-1745000
334.97,-1746000
337.92,-1747000
340.41,-1748000
342.06,-1749000
344.01,-1750000
344.74,-1751000
345.69,-1752000
345.72,-1753000
345.49,-1754000
344.68,-1755000
343.1,-1756000
341.44,-1757000
338.81,-1758000
335.27,-1759000
331.77,-1760000
327.21,-1761000
322.42,-1762000
317.16,-1763000
311.44,-1764000
305.41,-1765000
298.54,-1766000
291.9,-1767000
284.77,-1768000
277.42,-1769000
269.57,-1770000
261.92,-1771000
254.21,-1772000
246.5,-1773000
238.79,-1774000
231.17,-1775000
223.67,-1776000
216.02,-1777000
209.72,-1778000
202.85,-1779000
196.22,-1780000
190.41,-1781000
184.45,-1782000
179.29,-1783000
174.51,-1784000
170.11,-1785000
166.58,-1786000
163.3,-1787000
160.46,-1788000
157.88,-1789000
155.57,-1790000
154.01,-1791000
152.67,-1792000
152,-1793000
151.1,-1794000
151.27,-1795000
151.07,-1796000
151.47,-1797000
152.49,-1798000
153.54,-1799000
155.16,-1800000
156.86,-1801000
158.54,-1802000
160.76,-1803000
163.55,-1804000
166.24,-1805000
169.52,-1806000
172.72,-1807000
176.38,-1808000
179.91,-1809000
184.07,-1810000
187.86,-1811000
191.6,-1812000
195.71,-1813000
200.31,-1814000
203.97,-1815000
207.93,-1816000
211.61,-1817000
215.72,-1818000
219.28,-1819000
222.53,-1820000
225.46,-1821000
227.96,-1822000
230.67,-1823000
233.06,-1824000
235.01,-1825000
236.62,-1826000
237.99,-1827000
239.61,-1828000
240.46,-1829000
241.17,-1830000
242.33,-1831000
242.95,-1832000
244.15,-1833000
244.84,-1834000
245.95,-1835000
247.3,-1836000
249.09,-1837000
251.3,-1838000
254.06,-1839000
257.1,-1840000
260.66,-1841000
265.49,-1842000
270.43,-1843000
275.61,-1844000
281.88,-1845000
288.24,-1846000
295.21,-1847000
302.55,-1848000
310.24,-1849000
317.84,-1850000
325.66,-1851000
332.69,-1852000
340.71,-1853000
347.64,-1854000
354.57,-1855000
360.85,-1856000
366.58,-1857000
371.35,-1858000
376,-1859000
380.23,-1860000
383.22,-1861000
384.92,-1862000
386.15,-1863000
386.65,-1864000
385.84,-1865000
384.54,-1866000
382.3,-1867000
379.03,-1868000
375.22,-1869000
370.39,-1870000
364.92,-1871000
359.24,-1872000
352.26,-1873000
344.83,-1874000
337.77,-1875000
329.99,-1876000
321.65,-1877000
313.24,-1878000
304.88,-1879000
296.62,-1880000
288.07,-1881000
279.78,-1882000
271.82,-1883000
264.2,-1884000
256.67,-1885000
249.62,-1886000
243.39,-1887000
237.03,-1888000
231.69,-1889000
226.52,-1890000
221.95,-1891000
217.95,-1892000
214.47,-1893000
211.39,-1894000
208.72,-1895000
205.97,-1896000
203.98,-1897000
202.26,-1898000
200.59,-1899000
199,-1900000
197.51,-1901000
195.94,-1902000
194.77,-1903000
192.99,-1904000
191.63,-1905000
190.05,-1906000
188.83,-1907000
187.3,-1908000
186.33,-1909000
185.11,-1910000
183.64,-1911000
182.34,-1912000
181.57,-1913000
180.62,-1914000
179.98,-1915000
179.08,-1916000
178.64,-1917000
178.56,-1918000
178.22,-1919000
178.27,-1920000
178.1,-1921000
178.98,-1922000
179.04,-1923000
180.04,-1924000
180.23,-1925000
181.37,-1926000
182.32,-1927000
182.94,-1928000
183.93,-1929000
184.65,-1930000
185.17,-1931000
186.07,-1932000
186.51,-1933000
186.96,-1934000
187.79,-1935000
188.49,-1936000
188.8,-1937000
189.43,-1938000
190.08,-1939000
190.94,-1940000
192.18,-1941000
193.53,-1942000
195.76,-1943000
198.03,-1944000
200.82,-1945000
204.12,-1946000
207.62,-1947000
212.38,-1948000
217.58,-1949000
223.61,-1950000
230.15,-1951000
236.82,-1952000
244.58,-1953000
252.25,-1954000
260.81,-1955000
269.14,-1956000
277.8,-1957000
286.44,-1958000
295.08,-1959000
303.69,-1960000
312.09,-1961000
319.87,-1962000
327.32,-1963000
334.28,-1964000
340.72,-1965000
346.13,-1966000
350.96,-1967000
354.88,-1968000
358.3,-1969000
361.01,-1970000
362.25,-1971000
363.46,-1972000
363.4,-1973000
362.5,-1974000
360.43,-1975000
358.06,-1976000
354.94,-1977000
351.22,-1978000
346.7,-1979000
341.79,-1980000
336.14,-1981000
330.33,-1982000
324.99,-1983000
318.65,-1984000
312.91,-1985000
306.37,-1986000
300.12,-1987000
294.68,-1988000
289.19,-1989000
284.21,-1990000
279.36,-1991000
275.52,-1992000
272.01,-1993000
269.02,-1994000
266.58,-1995000
264.4,-1996000
262.98,-1997000
262.11,-1998000
261.94,-1999000
262.26,-2000000
262.74,-2001000
263.49,-2002000
264.15,-2003000
265.08,-2004000
266.18,-2005000
267.36,-2006000
268.02,-2007000
269.19,-2008000
269.66,-2009000
269.42,-2010000
269.44,-2011000
268.59,-2012000
267.94,-2013000
266.53,-2014000
264.49,-2015000
262.16,-2016000
258.76,-2017000
255.52,-2018000
251.96,-2019000
247.84,-2020000
243.41,-2021000
238.05,-2022000
232.78,-2023000
227.3,-2024000
221.62,-2025000
216.11,-2026000
209.86,-2027000
204.04,-2028000
198.01,-2029000
191.84,-2030000
186.12,-2031000
180.53,-2032000
174.91,-2033000
169.82,-2034000
165.26,-2035000
160.92,-2036000
156.95,-2037000
153.4,-2038000
150.21,-2039000
147.65,-2040000
145.81,-2041000
144.09,-2042000
142.93,-2043000
142,-2044000
142.19,-2045000
142.16,-2046000
143.32,-2047000
144.73,-2048000
146.48,-2049000
149.05,-2050000
152.02,-2051000
155.96,-2052000
160.13,-2053000
165.01,-2054000
170.72,-2055000
176.47,-2056000
183.2,-2057000
190.34,-2058000
198.44,-2059000
206.4,-2060000
215.25,-2061000
223.77,-2062000
232.92,-2063000
242.12,-2064000
251.43,-2065000
260.55,-2066000
269.1,-2067000
277.8,-2068000
286.09,-2069000
293.85,-2070000
300.6,-2071000
307.54,-2072000
313.22,-2073000
318.26,-2074000
321.85,-2075000
325.3,-2076000
327.47,-2077000
328.72,-2078000
329.26,-2079000
328.53,-2080000
327.63,-2081000
325.5,-2082000
322.82,-2083000
319.75,-2084000
315.16,-2085000
310.76,-2086000
306.25,-2087000
301.16,-2088000
296.11,-2089000
291.22,-2090000
285.64,-2091000
280.93,-2092000
276.59,-2093000
272.38,-2094000
268.78,-2095000
265.49,-2096000
263.54,-2097000
261.64,-2098000
260.18,-2099000
259.92,-2100000
260.36,-2101000
261.15,-2102000
262.6,-2103000
264.48,-2104000
267.12,-2105000
269.97,-2106000
272.77,-2107000
275.77,-2108000
279,-2109000
282.23,-2110000
285.46,-2111000
288.7,-2112000
291.22,-2113000
293.49,-2114000
295.52,-2115000
297.42,-2116000
298.75,-2117000
299.74,-2118000
300.26,-2119000
299.77,-2120000
299.42,-2121000
298.01,-2122000
296.08,-2123000
293.63,-2124000
290.83,-2125000
287.63,-2126000
283.77,-2127000
279.81,-2128000
274.81,-2129000
269.89,-2130000
264.33,-2131000
258.81,-2132000
253.27,-2133000
246.96,-2134000
240.85,-2135000
234.66,-2136000
228.45,-2137000
221.78,-2138000
215.72,-2139000
209.8,-2140000
204.12,-2141000
198.48,-2142000
193.4,-2143000
188.89,-2144000
184.76,-2145000
181.07,-2146000
177.83,-2147000
175.14,-2148000
172.8,-2149000
170.96,-2150000
170,-2151000
169.12,-2152000
168.93,-2153000
169.12,-2154000
169.58,-2155000
170.26,-2156000
171.18,-2157000
172.73,-2158000
174.42,-2159000
176.7,-2160000
178.57,-2161000
181.01,-2162000
184,-2163000
186.86,-2164000
190.03,-2165000
193.17,-2166000
196.83,-2167000
200.71,-2168000
204.14,-2169000
208.33,-2170000
212.46,-2171000
216.52,-2172000
219.88,-2173000
223.85,-2174000
227.72,-2175000
231.75,-2176000
235.03,-2177000
237.82,-2178000
241.43,-2179000
243.92,-2180000
246.03,-2181000
247.66,-2182000
248.82,-2183000
250.12,-2184000
250.75,-2185000
250.86,-2186000
249.88,-2187000
249.14,-2188000
248.64,-2189000
247.23,-2190000
245.3,-2191000
243.55,-2192000
240.86,-2193000
238.78,-2194000
236.85,-2195000
234.69,-2196000
233.04,-2197000
231.39,-2198000
230.35,-2199000
229.46,-2200000
229.55,-2201000
230.05,-2202000
231.33,-2203000
233.48,-2204000
236.38,-2205000
239.67,-2206000
244.06,-2207000
248.81,-2208000
253.58,-2209000
259.33,-2210000
264.94,-2211000
270.84,-2212000
276.37,-2213000
282.32,-2214000
288.05,-2215000
292.83,-2216000
297.86,-2217000
302.06,-2218000
305.15,-2219000
308.48,-2220000
310.5,-2221000
312.04,-2222000
312.98,-2223000
313.15,-2224000
312.23,-2225000
310.7,-2226000
309.01,-2227000
305.61,-2228000
302.42,-2229000
298.38,-2230000
293.52,-2231000
288.27,-2232000
282.66,-2233000
277.03,-2234000
270.83,-2235000
264.8,-2236000
258.17,-2237000
251.99,-2238000
245.35,-2239000
239.66,-2240000
233.33,-2241000
227.57,-2242000
222.55,-2243000
217.18,-2244000
212.98,-2245000
208.76,-2246000
205.51,-2247000
202.35,-2248000
200.21,-2249000
198.18,-2250000
197.17,-2251000
196.78,-2252000
196.96,-2253000
197.44,-2254000
198.55,-2255000
200,-2256000
201.81,-2257000
203.99,-2258000
206.81,-2259000
209.37,-2260000
212.67,-2261000
215.38,-2262000
218.79,-2263000
222.17,-2264000
225.27,-2265000
228.71,-2266000
231.63,-2267000
234.7,-2268000
237.1,-2269000
240.22,-2270000
242.15,-2271000
243.89,-2272000
245.94,-2273000
247.6,-2274000
247.93,-2275000
248.66,-2276000
248.94,-2277000
248.72,-2278000
247.99,-2279000
246.77,-2280000
245.17,-2281000
243.01,-2282000
240.33,-2283000
237.47,-2284000
234.66,-2285000
231.09,-2286000
227.03,-2287000
223.41,-2288000
218.84,-2289000
214.84,-2290000
210.74,-2291000
206.07,-2292000
201.68,-2293000
197.71,-2294000
194.13,-2295000
190.26,-2296000
186.69,-2297000
183.96,-2298000
181.4,-2299000
179.04,-2300000
177.46,-2301000
176.53,-2302000
176.62,-2303000
176.79,-2304000
177.54,-2305000
179.42,-2306000
181.84,-2307000
184.92,-2308000
188.42,-2309000
192.43,-2310000
196.87,-2311000
202.17,-2312000
207.31,-2313000
213.16,-2314000
219.14,-2315000
225.45,-2316000
231.42,-2317000
237.41,-2318000
243.57,-2319000
249.26,-2320000
254.69,-2321000
259.82,-2322000
264.57,-2323000
269.37,-2324000
273.05,-2325000
276.15,-2326000
278.55,-2327000
280.26,-2328000
281.23,-2329000
281.74,-2330000
281.35,-2331000
279.75,-2332000
278.16,-2333000
275.9,-2334000
272.46,-2335000
268.96,-2336000
265.16,-2337000
260.43,-2338000
255.95,-2339000
250.8,-2340000
245.63,-2341000
240.49,-2342000
235.07,-2343000
230.37,-2344000
226.04,-2345000
221.7,-2346000
218.33,-2347000
215.25,-2348000
212.86,-2349000
211.3,-2350000
210.23,-2351000
210.44,-2352000
211.03,-2353000
212.5,-2354000
214.79,-2355000
217.4,-2356000
220.81,-2357000
224.23,-2358000
227.99,-2359000
232.42,-2360000
236.63,-2361000
240.95,-2362000
245.22,-2363000
248.93,-2364000
252.97,-2365000
256.62,-2366000
260.15,-2367000
262.8,-2368000
265.65,-2369000
267.94,-2370000
270.04,-2371000
271.07,-2372000
272.49,-2373000
272.57,-2374000
272.79,-2375000
271.98,-2376000
271.17,-2377000
269.97,-2378000
268.14,-2379000
266.04,-2380000
263.46,-2381000
260.38,-2382000
257.12,-2383000
253.98,-2384000
249.96,-2385000
246.21,-2386000
242.27,-2387000
238.14,-2388000
233.87,-2389000
229.5,-2390000
225.38,-2391000
221.03,-2392000
216.96,-2393000
213,-2394000
208.69,-2395000
205.61,-2396000
202.03,-2397000
199,-2398000
196.15,-2399000
194.44,-2400000
192.51,-2401000
191.24,-2402000
190.94,-2403000
190.74,-2404000
191.66,-2405000
193.17,-2406000
194.82,-2407000
197.55,-2408000
200.32,-2409000
204.17,-2410000
208.35,-2411000
212.43,-2412000
216.93,-2413000
222.11,-2414000
227.07,-2415000
231.8,-2416000
237.42,-2417000
242.15,-2418000
247.03,-2419000
251.44,-2420000
254.99,-2421000
258.73,-2422000
262.16,-2423000
264.3,-2424000
266.53,-2425000
267.63,-2426000
268.68,-2427000
268.41,-2428000
267.45,-2429000
266.65,-2430000
264.45,-2431000
261.39,-2432000
258.47,-2433000
254.53,-2434000
250.11,-2435000
245.26,-2436000
240.04,-2437000
234.23,-2438000
229.05,-2439000
223.12,-2440000
216.93,-2441000
211.35,-2442000
205.31,-2443000
199.94,-2444000
194.73,-2445000
189.91,-2446000
185.85,-2447000
181.89,-2448000
178.75,-2449000
175.93,-2450000
173.96,-2451000
172.85,-2452000
172.69,-2453000
173.14,-2454000
174.71,-2455000
176.78,-2456000
179.63,-2457000
183.25,-2458000
187.16,-2459000
192,-2460000
196.83,-2461000
202.42,-2462000
208.25,-2463000
213.75,-2464000
219.9,-2465000
225.95,-2466000
232.56,-2467000
238.49,-2468000
244.13,-2469000
249.5,-2470000
254.87,-2471000
259.47,-2472000
264.19,-2473000
268.08,-2474000
271.42,-2475000
273.9,-2476000
276.06,-2477000
277.64,-2478000
278.62,-2479000
278.93,-2480000
278.71,-2481000
278.06,-2482000
275.95,-2483000
274.21,-2484000
271.86,-2485000
268.55,-2486000
264.86,-2487000
261.24,-2488000
257.78,-2489000
253.6,-2490000
248.55,-2491000
244.41,-2492000
240.35,-2493000
235.97,-2494000
231.84,-2495000
228.49,-2496000
225.09,-2497000
222.12,-2498000
219.77,-2499000
217.87,-2500000
216.11,-2501000
215.46,-2502000
215.4,-2503000
215.6,-2504000
216.92,-2505000
218.33,-2506000
220.82,-2507000
223.32,-2508000
226.32,-2509000
230.26,-2510000
234.07,-2511000
238.15,-2512000
242.97,-2513000
247.49,-2514000
252.05,-2515000
256.59,-2516000
261.75,-2517000
266.17,-2518000
270.52,-2519000
274.66,-2520000
279,-2521000
282.18,-2522000
285.86,-2523000
288.41,-2524000
290.98,-2525000
292.47,-2526000
294.03,-2527000
294.27,-2528000
294.36,-2529000
294.56,-2530000
292.89,-2531000
291.06,-2532000
288.85,-2533000
285.78,-2534000
281.86,-2535000
277.66,-2536000
272.94,-2537000
267.24,-2538000
262.22,-2539000
256.09,-2540000
249.48,-2541000
243.77,-2542000
236.75,-2543000
230.36,-2544000
224.11,-2545000
217.57,-2546000
211.84,-2547000
206.04,-2548000
200.96,-2549000
196.35,-2550000
192.42,-2551000
188.84,-2552000
186.85,-2553000
185.03,-2554000
184.87,-2555000
185.17,-2556000
186.28,-2557000
187.84,-2558000
190.33,-2559000
193.42,-2560000
196.95,-2561000
201.01,-2562000
205.11,-2563000
208.86,-2564000
213.25,-2565000
216.93,-2566000
221.05,-2567000
224.49,-2568000
228.28,-2569000
230.71,-2570000
233.71,-2571000
235.61,-2572000
237.25,-2573000
238.73,-2574000
239.66,-2575000
240.15,-2576000
239.91,-2577000
239.8,-2578000
238.6,-2579000
237.34,-2580000
235.68,-2581000
233.55,-2582000
230.98,-2583000
228.51,-2584000
225.85,-2585000
222.67,-2586000
219.48,-2587000
216.42,-2588000
213.16,-2589000
209.64,-2590000
206.91,-2591000
203.79,-2592000
200.93,-2593000
197.79,-2594000
195.54,-2595000
193.12,-2596000
191.19,-2597000
189.51,-2598000
188.62,-2599000
187.95,-2600000
188.06,-2601000
188.54,-2602000
189.61,-2603000
191.42,-2604000
194.34,-2605000
197.38,-2606000
201.7,-2607000
206.15,-2608000
211.67,-2609000
217.82,-2610000
224.06,-2611000
231.23,-2612000
238.76,-2613000
246.26,-2614000
254.43,-2615000
262.05,-2616000
270.17,-2617000
278.86,-2618000
287.01,-2619000
293.99,-2620000
301.81,-2621000
309.4,-2622000
316.11,-2623000
322.08,-2624000
327.21,-2625000
332.22,-2626000
336.23,-2627000
339.48,-2628000
341.97,-2629000
343.26,-2630000
344.39,-2631000
344.13,-2632000
342.58,-2633000
340.82,-2634000
337.94,-2635000
334.13,-2636000
330.06,-2637000
324.91,-2638000
318.83,-2639000
312.87,-2640000
305.51,-2641000
298.5,-2642000
291.89,-2643000
283.58,-2644000
276.42,-2645000
268.28,-2646000
261.42,-2647000
253.82,-2648000
247.27,-2649000
240.18,-2650000
234.55,-2651000
229.42,-2652000
224.41,-2653000
220.81,-2654000
218.3,-2655000
215.95,-2656000
214.95,-2657000
214.76,-2658000
215.62,-2659000
217.14,-2660000
219.3,-2661000
221.48,-2662000
224.73,-2663000
228.32,-2664000
231.76,-2665000
235.92,-2666000
239.53,-2667000
243.66,-2668000
247.21,-2669000
251.09,-2670000
254.12,-2671000
257.31,-2672000
259.45,-2673000
262,-2674000
263.75,-2675000
264.42,-2676000
264.9,-2677000
264.92,-2678000
264.4,-2679000
262.45,-2680000
260.5,-2681000
258.02,-2682000
254.87,-2683000
251.3,-2684000
247.18,-2685000
242.52,-2686000
237.54,-2687000
232.23,-2688000
226.7,-2689000
221.49,-2690000
215.49,-2691000
209.42,-2692000
203.88,-2693000
198.33,-2694000
192.36,-2695000
187.36,-2696000
182.27,-2697000
178.21,-2698000
173.98,-2699000
170.58,-2700000
167.22,-2701000
164.96,-2702000
163.16,-2703000
162.41,-2704000
161.86,-2705000
162.27,-2706000
163.29,-2707000
165.01,-2708000
167.09,-2709000
170.16,-2710000
173.25,-2711000
177.66,-2712000
181.94,-2713000
187.1,-2714000
192.44,-2715000
198.1,-2716000
204.38,-2717000
210.46,-2718000
217.45,-2719000
223.71,-2720000
231,-2721000
237.92,-2722000
244.69,-2723000
251.91,-2724000
259.36,-2725000
265.76,-2726000
272.13,-2727000
278.09,-2728000
283.41,-2729000
289.12,-2730000
293.63,-2731000
297.56,-2732000
301.55,-2733000
304.93,-2734000
307.67,-2735000
309.09,-2736000
310.54,-2737000
311.06,-2738000
310.58,-2739000
310.14,-2740000
308.59,-2741000
306.58,-2742000
304.05,-2743000
300.72,-2744000
297.63,-2745000
293.81,-2746000
289.82,-2747000
285.84,-2748000
280.86,-2749000
276.54,-2750000
272.54,-2751000
268.34,-2752000
264.66,-2753000
261.51,-2754000
258.56,-2755000
256.13,-2756000
254.8,-2757000
253.87,-2758000
253.94,-2759000
254.97,-2760000
256.44,-2761000
259.32,-2762000
262.14,-2763000
266.35,-2764000
270.64,-2765000
275.63,-2766000
281.12,-2767000
286.49,-2768000
292.22,-2769000
297.53,-2770000
302.88,-2771000
308.21,-2772000
312.91,-2773000
317.32,-2774000
321.3,-2775000
324.32,-2776000
326.64,-2777000
328.29,-2778000
329.4,-2779000
329.07,-2780000
328.22,-2781000
326.47,-2782000
324.02,-2783000
320.04,-2784000
315.53,-2785000
310.33,-2786000
304.26,-2787000
297.86,-2788000
290.77,-2789000
282.91,-2790000
274.3,-2791000
265.71,-2792000
256.93,-2793000
248.37,-2794000
239.38,-2795000
230.82,-2796000
222,-2797000
213.8,-2798000
205.91,-2799000
198.37,-2800000
191.6,-2801000
185.49,-2802000
179.52,-2803000
174.73,-2804000
170.56,-2805000
167.42,-2806000
164.49,-2807000
162.6,-2808000
161.35,-2809000
160.4,-2810000
160.63,-2811000
161.2,-2812000
162.04,-2813000
163.54,-2814000
165.53,-2815000
167.58,-2816000
170.26,-2817000
173.13,-2818000
176.57,-2819000
179.98,-2820000
183.6,-2821000
187.5,-2822000
192.15,-2823000
195.92,-2824000
200.79,-2825000
205.23,-2826000
209.82,-2827000
214.87,-2828000
219.04,-2829000
223.63,-2830000
228.6,-2831000
232.11,-2832000
236.44,-2833000
239.89,-2834000
243.01,-2835000
245.61,-2836000
249,-2837000
251.39,-2838000
252.02,-2839000
253.91,-2840000
254.87,-2841000
255.23,-2842000
254.87,-2843000
254.92,-2844000
254.57,-2845000
253.15,-2846000
251.6,-2847000
250.18,-2848000
248.04,-2849000
246.2,-2850000
244.37,-2851000
242.46,-2852000
240.16,-2853000
238.05,-2854000
236.18,-2855000
234.29,-2856000
233.21,-2857000
232.58,-2858000
231.8,-2859000
232.21,-2860000
233.46,-2861000
234.79,-2862000
237.35,-2863000
240.25,-2864000
244.29,-2865000
248.77,-2866000
253.78,-2867000
259.34,-2868000
265.53,-2869000
272.22,-2870000
279.29,-2871000
286.13,-2872000
293.79,-2873000
301.08,-2874000
308.55,-2875000
315.75,-2876000
322.67,-2877000
329.02,-2878000
335.5,-2879000
341.27,-2880000
346.41,-2881000
350.87,-2882000
354.75,-2883000
357.42,-2884000
360.09,-2885000
361.46,-2886000
361.57,-2887000
360.81,-2888000
360.02,-2889000
357.36,-2890000
354.37,-2891000
350.49,-2892000
345.19,-2893000
340.12,-2894000
333.62,-2895000
326.62,-2896000
319.8,-2897000
311.18,-2898000
303.4,-2899000
295.57,-2900000
286.81,-2901000
278.66,-2902000
270.39,-2903000
262.48,-2904000
255.1,-2905000
248.35,-2906000
242.08,-2907000
236.96,-2908000
232.37,-2909000
228.61,-2910000
225.48,-2911000
223.63,-2912000
222.3,-2913000
222.04,-2914000
222.11,-2915000
222.66,-2916000
223.38,-2917000
224.38,-2918000
225.46,-2919000
226.59,-2920000
227.7,-2921000
228.71,-2922000
229.29,-2923000
229.16,-2924000
229.4,-2925000
228.58,-2926000
227.79,-2927000
226.52,-2928000
224.67,-2929000
222.77,-2930000
220.7,-2931000
218.12,-2932000
215.56,-2933000
212.42,-2934000
209.3,-2935000
206.84,-2936000
203.63,-2937000
201.27,-2938000
198.19,-2939000
195.58,-2940000
192.78,-2941000
191.18,-2942000
189.41,-2943000
187.74,-2944000
186.86,-2945000
185.3,-2946000
184.63,-2947000
184.06,-2948000
184.15,-2949000
183.91,-2950000
184.08,-2951000
184.78,-2952000
184.98,-2953000
185.92,-2954000
186.45,-2955000
186.87,-2956000
187.77,-2957000
188.13,-2958000
189.29,-2959000
190.06,-2960000
191,-2961000
192.45,-2962000
193.78,-2963000
195.47,-2964000
198.09,-2965000
200.57,-2966000
204.16,-2967000
207.8,-2968000
212.1,-2969000
216.98,-2970000
222.59,-2971000
228.78,-2972000
235.43,-2973000
242.64,-2974000
249.79,-2975000
257.82,-2976000
265.71,-2977000
273.71,-2978000
281.9,-2979000
289.73,-2980000
298.03,-2981000
305.37,-2982000
312.94,-2983000
319.68,-2984000
326.44,-2985000
332.5,-2986000
338.06,-2987000
342.45,-2988000
346.87,-2989000
350.22,-2990000
352.81,-2991000
354.18,-2992000
355.63,-2993000
355.7,-2994000
354.9,-2995000
353.24,-2996000
351.56,-2997000
348.33,-2998000
344.92,-2999000
341.06,-3000000
336.26,-3001000
331.1,-3002000
325.66,-3003000
319.51,-3004000
313.69,-3005000
306.93,-3006000
300.68,-3007000
294.67,-3008000
288.84,-3009000
282.99,-3010000
277.56,-3011000
272.76,-3012000
268.34,-3013000
264.89,-3014000
262.01,-3015000
259.93,-3016000
258.91,-3017000
258.71,-3018000
259.83,-3019000
260.94,-3020000
263.43,-3021000
266.26,-3022000
269.32,-3023000
273.08,-3024000
277.16,-3025000
281.49,-3026000
285.53,-3027000
289.57,-3028000
293.24,-3029000
296.77,-3030000
300.1,-3031000
302.49,-3032000
304.45,-3033000
305.95,-3034000
306.36,-3035000
306.04,-3036000
305.21,-3037000
303.44,-3038000
300.9,-3039000
296.79,-3040000
292.81,-3041000
288.05,-3042000
281.83,-3043000
275.83,-3044000
268.82,-3045000
261.15,-3046000
253.27,-3047000
244.83,-3048000
236.38,-3049000
227.62,-3050000
218.78,-3051000
210.77,-3052000
201.79,-3053000
193.76,-3054000
185.59,-3055000
177.87,-3056000
170.64,-3057000
164.47,-3058000
158.3,-3059000
153.16,-3060000
148.05,-3061000
143.92,-3062000
140.35,-3063000
137.71,-3064000
135.77,-3065000
134.01,-3066000
133.49,-3067000
133.15,-3068000
133.52,-3069000
134.55,-3070000
136.3,-3071000
138.27,-3072000
141.45,-3073000
144.95,-3074000
148.71,-3075000
153.74,-3076000
158.67,-3077000
164.9,-3078000
170.95,-3079000
177.81,-3080000
185.59,-3081000
193.09,-3082000
201.4,-3083000
210.48,-3084000
219.18,-3085000
227.94,-3086000
237.6,-3087000
246.42,-3088000
255.22,-3089000
264.51,-3090000
273.23,-3091000
281.45,-3092000
289.56,-3093000
297.24,-3094000
303.94,-3095000
310.11,-3096000
316.58,-3097000
321.58,-3098000
325.61,-3099000
329.4,-3100000
332.06,-3101000
334.3,-3102000
335.59,-3103000
335.72,-3104000
335.57,-3105000
334.51,-3106000
332.87,-3107000
330.4,-3108000
328.02,-3109000
324.41,-3110000
320.62,-3111000
317.23,-3112000
312.85,-3113000
308.58,-3114000
304.45,-3115000
300.18,-3116000
296.62,-3117000
292.71,-3118000
289.39,-3119000
286.63,-3120000
284.55,-3121000
283.32,-3122000
282.58,-3123000
282.55,-3124000
283.09,-3125000
284.6,-3126000
286.85,-3127000
289.47,-3128000
292.94,-3129000
296.84,-3130000
300.91,-3131000
305.96,-3132000
310.37,-3133000
315.5,-3134000
320.32,-3135000
324.65,-3136000
329.44,-3137000
333.64,-3138000
337.36,-3139000
340.68,-3140000
343.59,-3141000
345.57,-3142000
347.19,-3143000
347.9,-3144000
348.29,-3145000
346.99,-3146000
345.84,-3147000
343.32,-3148000
340.06,-3149000
335.9,-3150000
331.17,-3151000
325.26,-3152000
319.3,-3153000
312.18,-3154000
305.09,-3155000
297.26,-3156000
288.76,-3157000
280.35,-3158000
271.58,-3159000
262.57,-3160000
253.92,-3161000
245.04,-3162000
236.62,-3163000
228.12,-3164000
219.92,-3165000
212.1,-3166000
204.7,-3167000
197.5,-3168000
191.49,-3169000
185.26,-3170000
180,-3171000
175.32,-3172000
170.93,-3173000
167.56,-3174000
164.11,-3175000
161.43,-3176000
159.6,-3177000
157.6,-3178000
156.31,-3179000
155.7,-3180000
155.28,-3181000
154.98,-3182000
155.28,-3183000
156.23,-3184000
157.21,-3185000
158.74,-3186000
160.37,-3187000
163.05,-3188000
165.92,-3189000
168.66,-3190000
172.56,-3191000
176.5,-3192000
180.86,-3193000
185.38,-3194000
190.27,-3195000
195.11,-3196000
201.04,-3197000
206.29,-3198000
211.89,-3199000
217.88,-3200000
223.06,-3201000
229.17,-3202000
234.45,-3203000
240.01,-3204000
245.14,-3205000
249.93,-3206000
254.4,-3207000
258.98,-3208000
262.46,-3209000
266.36,-3210000
269.57,-3211000
272.22,-3212000
274.43,-3213000
276.53,-3214000
277.87,-3215000
279.22,-3216000
279.86,-3217000
280.69,-3218000
280.36,-3219000
280.41,-3220000
280.35,-3221000
279.88,-3222000
279.05,-3223000
278.86,-3224000
278.45,-3225000
278.4,-3226000
278.25,-3227000
278.77,-3228000
279.24,-3229000
280.71,-3230000
282.45,-3231000
284.69,-3232000
287.78,-3233000
290.95,-3234000
294.93,-3235000
299.24,-3236000
303.96,-3237000
308.87,-3238000
314.36,-3239000
320.22,-3240000
326.01,-3241000
332.19,-3242000
338.07,-3243000
344.1,-3244000
349.71,-3245000
355.31,-3246000
360.96,-3247000
365,-3248000
369.74,-3249000
373.49,-3250000
376.42,-3251000
378.53,-3252000
380.29,-3253000
381.02,-3254000
381.16,-3255000
380.6,-3256000
378.94,-3257000
376.43,-3258000
373.42,-3259000
369.08,-3260000
364.15,-3261000
358.25,-3262000
352.29,-3263000
345.48,-3264000
337.73,-3265000
329.96,-3266000
321.72,-3267000
313.38,-3268000
305.07,-3269000
295.89,-3270000
287.68,-3271000
279.18,-3272000
271.16,-3273000
263.31,-3274000
255.64,-3275000
248.46,-3276000
241.75,-3277000
235.6,-3278000
230.42,-3279000
225.19,-3280000
220.65,-3281000
216.98,-3282000
213.27,-3283000
210.53,-3284000
208.14,-3285000
206.06,-3286000
204.18,-3287000
203.09,-3288000
202.07,-3289000
201.16,-3290000
200.3,-3291000
199.93,-3292000
199.56,-3293000
199.17,-3294000
199.02,-3295000
199.36,-3296000
199.09,-3297000
199.78,-3298000
200.35,-3299000
200.63,-3300000
201.37,-3301000
201.94,-3302000
202.91,-3303000
204.27,-3304000
205.41,-3305000
206.33,-3306000
207.61,-3307000
209.28,-3308000
210.67,-3309000
211.79,-3310000
213.38,-3311000
214.62,-3312000
216.3,-3313000
217.57,-3314000
219.39,-3315000
220.09,-3316000
221.98,-3317000
222.81,-3318000
224.18,-3319000
225.07,-3320000
225.97,-3321000
226.95,-3322000
228.01,-3323000
228.57,-3324000
229.33,-3325000
229.61,-3326000
230.68,-3327000
230.85,-3328000
231.51,-3329000
232.55,-3330000
233.32,-3331000
234.23,-3332000
234.87,-3333000
236.19,-3334000
237.77,-3335000
239.71,-3336000
241.91,-3337000
244.41,-3338000
246.82,-3339000
250.21,-3340000
253.89,-3341000
257.54,-3342000
262.15,-3343000
266.65,-3344000
271.46,-3345000
276.86,-3346000
282.49,-3347000
288.42,-3348000
294.25,-3349000
300.31,-3350000
306.53,-3351000
312.92,-3352000
319.43,-3353000
325.52,-3354000
331.54,-3355000
337.56,-3356000
343.12,-3357000
348.51,-3358000
353.65,-3359000
357.97,-3360000
361.93,-3361000
365.91,-3362000
368.84,-3363000
371.37,-3364000
372.93,-3365000
374.63,-3366000
374.69,-3367000
374.85,-3368000
373.96,-3369000
372.11,-3370000
369.78,-3371000
366.94,-3372000
363.68,-3373000
359.57,-3374000
354.81,-3375000
349.91,-3376000
344.63,-3377000
338.83,-3378000
333.25,-3379000
327.47,-3380000
321.38,-3381000
315.9,-3382000
310.01,-3383000
304.5,-3384000
299.51,-3385000
294.61,-3386000
290.15,-3387000
286.28,-3388000
283.02,-3389000
279.79,-3390000
277.29,-3391000
275.18,-3392000
273.55,-3393000
272.4,-3394000
271.1,-3395000
270.04,-3396000
269.15,-3397000
268.48,-3398000
267.75,-3399000
267,-3400000
266.19,-3401000
265.23,-3402000
263.79,-3403000
262.19,-3404000
261.05,-3405000
258.8,-3406000
256.8,-3407000
254.54,-3408000
251.82,-3409000
249.3,-3410000
245.93,-3411000
243.31,-3412000
239.82,-3413000
236.6,-3414000
233.66,-3415000
230.44,-3416000
226.98,-3417000
223.87,-3418000
221.07,-3419000
218.15,-3420000
214.92,-3421000
212.85,-3422000
210.03,-3423000
208.09,-3424000
206.29,-3425000
204.03,-3426000
203.18,-3427000
201.38,-3428000
200.86,-3429000
199.47,-3430000
199.39,-3431000
198.43,-3432000
198.81,-3433000
198.34,-3434000
198.7,-3435000
198.8,-3436000
199.45,-3437000
199.67,-3438000
200.49,-3439000
201.47,-3440000
203.27,-3441000
204.36,-3442000
205.9,-3443000
208.1,-3444000
210.56,-3445000
212.74,-3446000
215.66,-3447000
218.92,-3448000
221.92,-3449000
225.79,-3450000
229.9,-3451000
233.71,-3452000
238.37,-3453000
242.77,-3454000
247.83,-3455000
252.69,-3456000
258.15,-3457000
263.34,-3458000
268.6,-3459000
274.06,-3460000
279.47,-3461000
284.94,-3462000
289.98,-3463000
295.43,-3464000
300.22,-3465000
305.65,-3466000
310.37,-3467000
314.7,-3468000
319.24,-3469000
322.95,-3470000
326.66,-3471000
329.96,-3472000
332.89,-3473000
335.44,-3474000
337.67,-3475000
339.68,-3476000
340.79,-3477000
342.01,-3478000
342.36,-3479000
342.45,-3480000
341.64,-3481000
340.92,-3482000
339.69,-3483000
337.87,-3484000
336.01,-3485000
333.99,-3486000
331.19,-3487000
328.66,-3488000
325.87,-3489000
322.87,-3490000
320.39,-3491000
317.78,-3492000
315.01,-3493000
312.94,-3494000
310.95,-3495000
309.36,-3496000
307.82,-3497000
307.28,-3498000
306.82,-3499000
307.08,-3500000
307.3,-3501000
308.19,-3502000
309.47,-3503000
311.33,-3504000
313.16,-3505000
315.3,-3506000
317.2,-3507000
319.83,-3508000
322.16,-3509000
324.35,-3510000
326.08,-3511000
327.32,-3512000
328.7,-3513000
329.48,-3514000
330.21,-3515000
329.66,-3516000
328.92,-3517000
327.53,-3518000
325.62,-3519000
323.08,-3520000
319.56,-3521000
316.06,-3522000
311.41,-3523000
306.89,-3524000
301.34,-3525000
295.32,-3526000
289.64,-3527000
282.87,-3528000
275.96,-3529000
269.34,-3530000
261.74,-3531000
254.8,-3532000
247.5,-3533000
240.41,-3534000
233.9,-3535000
227.15,-3536000
220.72,-3537000
214.71,-3538000
209.36,-3539000
204.16,-3540000
199.14,-3541000
194.81,-3542000
191.19,-3543000
187.77,-3544000
184.53,-3545000
182.03,-3546000
180.38,-3547000
178.91,-3548000
177.98,-3549000
177.42,-3550000
177.52,-3551000
177.8,-3552000
178.75,-3553000
180.41,-3554000
182.23,-3555000
184.22,-3556000
186.9,-3557000
189.76,-3558000
193.25,-3559000
196.86,-3560000
200.69,-3561000
205.03,-3562000
209.07,-3563000
213.69,-3564000
218.87,-3565000
223.65,-3566000
229.01,-3567000
233.86,-3568000
239.25,-3569000
244.68,-3570000
249.51,-3571000
254.86,-3572000
260.11,-3573000
265.19,-3574000
269.74,-3575000
274.57,-3576000
278.86,-3577000
283.33,-3578000
287.2,-3579000
290.97,-3580000
294.32,-3581000
297.6,-3582000
300.11,-3583000
302.88,-3584000
304.84,-3585000
306.58,-3586000
308.03,-3587000
309.23,-3588000
310.13,-3589000
310.33,-3590000
310.28,-3591000
309.96,-3592000
309.46,-3593000
308.92,-3594000
307.6,-3595000
306.34,-3596000
304.98,-3597000
303.84,-3598000
302.7,-3599000
301.17,-3600000
299.83,-3601000
298.8,-3602000
298.09,-3603000
297.62,-3604000
297.23,-3605000
297.31,-3606000
297.85,-3607000
298.8,-3608000
300.37,-3609000
302.34,-3610000
304.49,-3611000
307.14,-3612000
310.2,-3613000
313.66,-3614000
317.64,-3615000
321.34,-3616000
325.81,-3617000
329.81,-3618000
334.27,-3619000
338.28,-3620000
342.37,-3621000
346.21,-3622000
349.99,-3623000
353.11,-3624000
355.6,-3625000
357.85,-3626000
359.71,-3627000
360.62,-3628000
360.97,-3629000
360.67,-3630000
359.86,-3631000
357.91,-3632000
355.9,-3633000
352.65,-3634000
349.01,-3635000
344.65,-3636000
339.37,-3637000
334.28,-3638000
328.05,-3639000
321.68,-3640000
315.23,-3641000
308.25,-3642000
301.46,-3643000
294.16,-3644000
286.56,-3645000
279.93,-3646000
272.96,-3647000
266.22,-3648000
259.28,-3649000
253.17,-3650000
247.44,-3651000
242.1,-3652000
236.51,-3653000
232.05,-3654000
228,-3655000
223.7,-3656000
220.5,-3657000
217.56,-3658000
214.44,-3659000
212.2,-3660000
210.13,-3661000
208.79,-3662000
207.13,-3663000
206.1,-3664000
204.71,-3665000
203.82,-3666000
203.53,-3667000
203.16,-3668000
202.79,-3669000
202.41,-3670000
202.46,-3671000
202.4,-3672000
202.82,-3673000
203.73,-3674000
203.88,-3675000
205.13,-3676000
205.68,-3677000
207.3,-3678000
208.17,-3679000
210.13,-3680000
211.85,-3681000
213.52,-3682000
215.6,-3683000
217.56,-3684000
219.92,-3685000
222.15,-3686000
224.29,-3687000
226.75,-3688000
229.08,-3689000
231.32,-3690000
233.83,-3691000
236.31,-3692000
238.63,-3693000
241.28,-3694000
243.18,-3695000
245.55,-3696000
247.59,-3697000
249.05,-3698000
250.84,-3699000
252.48,-3700000
253.96,-3701000
255.35,-3702000
256.62,-3703000
257.98,-3704000
259.14,-3705000
260.31,-3706000
260.98,-3707000
261.84,-3708000
263.26,-3709000
264.54,-3710000
265.88,-3711000
267.57,-3712000
269.21,-3713000
271.13,-3714000
273.83,-3715000
276.27,-3716000
279.57,-3717000
283.22,-3718000
287.04,-3719000
291.23,-3720000
295.92,-3721000
300.66,-3722000
305.72,-3723000
311.19,-3724000
316.96,-3725000
322.51,-3726000
328.54,-3727000
334.37,-3728000
340.2,-3729000
346.02,-3730000
351.26,-3731000
356.34,-3732000
361.11,-3733000
365.07,-3734000
368.68,-3735000
371.69,-3736000
374.26,-3737000
375.81,-3738000
377.23,-3739000
377.56,-3740000
377.16,-3741000
376.32,-3742000
374.16,-3743000
371.89,-3744000
368.71,-3745000
364.95,-3746000
360.39,-3747000
355.75,-3748000
350.55,-3749000
344.72,-3750000
338.49,-3751000
332.62,-3752000
326.19,-3753000
319.71,-3754000
313.48,-3755000
307.44,-3756000
301.19,-3757000
295.64,-3758000
290.58,-3759000
285.54,-3760000
281.01,-3761000
276.35,-3762000
272.91,-3763000
269.89,-3764000
267.06,-3765000
265.03,-3766000
263.2,-3767000
261.76,-3768000
260.6,-3769000
259.88,-3770000
259.5,-3771000
259.3,-3772000
259.23,-3773000
258.8,-3774000
258.92,-3775000
258.47,-3776000
258.51,-3777000
257.85,-3778000
257.1,-3779000
256.56,-3780000
255.33,-3781000
253.87,-3782000
252.59,-3783000
250.62,-3784000
248.32,-3785000
246.32,-3786000
243.56,-3787000
241.04,-3788000
238.33,-3789000
235.38,-3790000
232.25,-3791000
228.95,-3792000
225.52,-3793000
222.5,-3794000
219.19,-3795000
215.89,-3796000
213.22,-3797000
210.28,-3798000
207.23,-3799000
204.26,-3800000
201.76,-3801000
199.87,-3802000
197.79,-3803000
195.97,-3804000
194.49,-3805000
192.99,-3806000
192.14,-3807000
191.77,-3808000
191.32,-3809000
190.99,-3810000
191.17,-3811000
191.39,-3812000
192.18,-3813000
193,-3814000
194.38,-3815000
195.87,-3816000
197.4,-3817000
199.62,-3818000
202.02,-3819000
205.07,-3820000
207.83,-3821000
211.31,-3822000
215.12,-3823000
219.6,-3824000
223.89,-3825000
229.07,-3826000
234.06,-3827000
239.84,-3828000
246.09,-3829000
252.57,-3830000
259.41,-3831000
266.61,-3832000
274.07,-3833000
281.85,-3834000
289.29,-3835000
297.5,-3836000
305.22,-3837000
312.99,-3838000
321.68,-3839000
329.19,-3840000
336.71,-3841000
344.46,-3842000
351.32,-3843000
357.86,-3844000
363.49,-3845000
368.63,-3846000
373.14,-3847000
377.23,-3848000
380.79,-3849000
383.09,-3850000
384.72,-3851000
385.34,-3852000
385.16,-3853000
384.2,-3854000
382.83,-3855000
380.5,-3856000
377.28,-3857000
373.54,-3858000
369.13,-3859000
364.47,-3860000
358.82,-3861000
353.57,-3862000
348.34,-3863000
342.84,-3864000
337.53,-3865000
331.68,-3866000
326.7,-3867000
322.11,-3868000
317.3,-3869000
313.49,-3870000
310,-3871000
306.96,-3872000
304.72,-3873000
302.75,-3874000
301.77,-3875000
300.85,-3876000
300.58,-3877000
300.38,-3878000
301.02,-3879000
301.42,-3880000
302.26,-3881000
303.15,-3882000
303.66,-3883000
304.68,-3884000
305.19,-3885000
306,-3886000
306.07,-3887000
306.06,-3888000
305.55,-3889000
304.89,-3890000
303.74,-3891000
302.12,-3892000
300.21,-3893000
297.91,-3894000
295.2,-3895000
291.58,-3896000
288.06,-3897000
284.37,-3898000
280.24,-3899000
275.78,-3900000
271.32,-3901000
265.81,-3902000
260.8,-3903000
255.79,-3904000
250.94,-3905000
245.59,-3906000
240.19,-3907000
234.95,-3908000
229.99,-3909000
225.24,-3910000
220.02,-3911000
215.36,-3912000
210.79,-3913000
206.98,-3914000
202.78,-3915000
199.06,-3916000
195.78,-3917000
192.47,-3918000
189.82,-3919000
187.47,-3920000
185.19,-3921000
183.54,-3922000
181.64,-3923000
180.88,-3924000
179.73,-3925000
179.3,-3926000
179.53,-3927000
179.85,-3928000
180.44,-3929000
181.6,-3930000
183.03,-3931000
184.57,-3932000
186.86,-3933000
189.75,-3934000
192.79,-3935000
196.13,-3936000
200.07,-3937000
204.69,-3938000
209,-3939000
214.01,-3940000
219.61,-3941000
225.47,-3942000
231.43,-3943000
237.97,-3944000
244.7,-3945000
251.49,-3946000
258.25,-3947000
265.82,-3948000
273.1,-3949000
280.44,-3950000
287.62,-3951000
294.41,-3952000
301.36,-3953000
308.3,-3954000
314.37,-3955000
320.17,-3956000
326.04,-3957000
331.02,-3958000
336.02,-3959000
339.94,-3960000
343.2,-3961000
346.08,-3962000
348.3,-3963000
349.98,-3964000
350.98,-3965000
350.99,-3966000
350.99,-3967000
350.04,-3968000
348.84,-3969000
346.58,-3970000
344.23,-3971000
341.88,-3972000
339.62,-3973000
336.74,-3974000
334.16,-3975000
331.53,-3976000
329.05,-3977000
327.46,-3978000
325.83,-3979000
325.04,-3980000
324.82,-3981000
324.97,-3982000
325.45,-3983000
326.72,-3984000
328.79,-3985000
331.32,-3986000
333.83,-3987000
337.38,-3988000
340.81,-3989000
344.19,-3990000
348.31,-3991000
351.75,-3992000
355.16,-3993000
358.42,-3994000
361.86,-3995000
364.15,-3996000
365.98,-3997000
367.25,-3998000
368.01,-3999000
368.2,-4000000
367.38,-4001000
365.85,-4002000
363.72,-4003000
360.61,-4004000
356.79,-4005000
352.54,-4006000
347.58,-4007000
342.35,-4008000
336.04,-4009000
329.52,-4010000
322.72,-4011000
315.21,-4012000
308.02,-4013000
299.79,-4014000
292.27,-4015000
284.63,-4016000
276.48,-4017000
269.19,-4018000
261.17,-4019000
254.08,-4020000
246.86,-4021000
239.66,-4022000
233.17,-4023000
226.96,-4024000
221.66,-4025000
215.99,-4026000
211.26,-4027000
206.63,-4028000
202.43,-4029000
199.01,-4030000
195.36,-4031000
192.39,-4032000
190.19,-4033000
188.26,-4034000
186.44,-4035000
184.84,-4036000
183.91,-4037000
183.61,-4038000
183.41,-4039000
183.4,-4040000
183.99,-4041000
184.67,-4042000
186.03,-4043000
187.41,-4044000
189.36,-4045000
191.5,-4046000
194.16,-4047000
196.88,-4048000
200.2,-4049000
203.59,-4050000
207.54,-4051000
211.57,-4052000
215.45,-4053000
220.08,-4054000
224.71,-4055000
229.85,-4056000
234.86,-4057000
239.76,-4058000
245.16,-4059000
250.54,-4060000
255.49,-4061000
260.47,-4062000
265.69,-4063000
269.98,-4064000
274.65,-4065000
279.55,-4066000
283.42,-4067000
286.96,-4068000
290.58,-4069000
293.88,-4070000
296.04,-4071000
298.46,-4072000
300.33,-4073000
301.65,-4074000
302.87,-4075000
303.47,-4076000
304.33,-4077000
304.06,-4078000
303.93,-4079000
303.43,-4080000
302.61,-4081000
302.18,-4082000
301.62,-4083000
300.87,-4084000
300.68,-4085000
300.68,-4086000
300.96,-4087000
301.9,-4088000
303.53,-4089000
305.86,-4090000
308.39,-4091000
311.86,-4092000
316.11,-4093000
321.01,-4094000
326.3,-4095000
332.21,-4096000
338.74,-4097000
345.49,-4098000
352.59,-4099000
360.01,-4100000
367.06,-4101000
374.61,-4102000
382.21,-4103000
388.97,-4104000
395.21,-4105000
401.11,-4106000
406.39,-4107000
411.07,-4108000
414.77,-4109000
417.23,-4110000
419.15,-4111000
420.13,-4112000
419.72,-4113000
418.39,-4114000
415.97,-4115000
412.65,-4116000
408.06,-4117000
402.89,-4118000
396.2,-4119000
389.23,-4120000
382.29,-4121000
374.05,-4122000
365.31,-4123000
355.92,-4124000
346.89,-4125000
337.72,-4126000
328.14,-4127000
318.66,-4128000
309.37,-4129000
299.91,-4130000
291.3,-4131000
282.61,-4132000
274.49,-4133000
267.24,-4134000
260.1,-4135000
253.26,-4136000
247.73,-4137000
242.27,-4138000
237.24,-4139000
232.95,-4140000
228.96,-4141000
225.45,-4142000
222.35,-4143000
220,-4144000
217.33,-4145000
214.93,-4146000
213.12,-4147000
211.33,-4148000
209.57,-4149000
208.35,-4150000
207.02,-4151000
205.62,-4152000
204.72,-4153000
204.19,-4154000
203.53,-4155000
202.8,-4156000
202.48,-4157000
202.63,-4158000
203.12,-4159000
203.48,-4160000
204.87,-4161000
205.57,-4162000
207.34,-4163000
209.73,-4164000
211.83,-4165000
213.8,-4166000
216.97,-4167000
219.82,-4168000
223.28,-4169000
226.56,-4170000
230.12,-4171000
234.21,-4172000
238.04,-4173000
241.57,-4174000
245.39,-4175000
248.88,-4176000
252.16,-4177000
255.52,-4178000
258.66,-4179000
261.42,-4180000
263.79,-4181000
266.21,-4182000
267.96,-4183000
269.73,-4184000
271.1,-4185000
272.25,-4186000
273.18,-4187000
273.17,-4188000
273.85,-4189000
274.25,-4190000
274.44,-4191000
274.57,-4192000
274.71,-4193000
275.62,-4194000
276.72,-4195000
278.12,-4196000
279.74,-4197000
282.42,-4198000
285.55,-4199000
289.87,-4200000
294.36,-4201000
299.97,-4202000
305.78,-4203000
312.84,-4204000
320.17,-4205000
328.06,-4206000
336.5,-4207000
345.05,-4208000
353.99,-4209000
362.97,-4210000
372.14,-4211000
381.45,-4212000
390.13,-4213000
398.12,-4214000
406.47,-4215000
413.76,-4216000
420.3,-4217000
425.87,-4218000
430.76,-4219000
434.6,-4220000
436.92,-4221000
439.06,-4222000
439.4,-4223000
438.3,-4224000
436.56,-4225000
433.44,-4226000
429.86,-4227000
424.46,-4228000
418.46,-4229000
412.08,-4230000
404.23,-4231000
396.48,-4232000
387.69,-4233000
378.82,-4234000
368.7,-4235000
359.68,-4236000
350.26,-4237000
339.95,-4238000
330.61,-4239000
321.68,-4240000
313.25,-4241000
305,-4242000
297.93,-4243000
291.2,-4244000
284.87,-4245000
279.44,-4246000
275.03,-4247000
271.51,-4248000
268.42,-4249000
266.22,-4250000
264.57,-4251000
263.6,-4252000
262.75,-4253000
262.87,-4254000
262.93,-4255000
263.06,-4256000
262.93,-4257000
263.26,-4258000
263.07,-4259000
263.25,-4260000
262.72,-4261000
262.01,-4262000
261.49,-4263000
260.35,-4264000
258.77,-4265000
257.26,-4266000
255.67,-4267000
253.34,-4268000
251.24,-4269000
248.79,-4270000
246,-4271000
243.43,-4272000
240.57,-4273000
238.03,-4274000
235.23,-4275000
232.79,-4276000
230.18,-4277000
227.73,-4278000
225.76,-4279000
224.26,-4280000
222.43,-4281000
221.04,-4282000
220.01,-4283000
219.5,-4284000
218.62,-4285000
218.81,-4286000
218.84,-4287000
219.2,-4288000
219.4,-4289000
220.4,-4290000
221.2,-4291000
222.02,-4292000
222.98,-4293000
224.3,-4294000
225.41,-4295000
227.14,-4296000
228.5,-4297000
229.79,-4298000
231.1,-4299000
232.73,-4300000
234.7,-4301000
236.88,-4302000
238.76,-4303000
241.44,-4304000
244.69,-4305000
248.54,-4306000
253,-4307000
258.06,-4308000
263.72,-4309000
270.34,-4310000
277.39,-4311000
285.71,-4312000
294.3,-4313000
303.66,-4314000
313.12,-4315000
323.62,-4316000
334.14,-4317000
344.82,-4318000
355.88,-4319000
366.43,-4320000
377.59,-4321000
388.24,-4322000
398.49,-4323000
407.53,-4324000
416.23,-4325000
424.73,-4326000
431.59,-4327000
437.82,-4328000
442.49,-4329000
446.55,-4330000
449.11,-4331000
450.14,-4332000
449.17,-4333000
448.45,-4334000
445.04,-4335000
441.59,-4336000
436.85,-4337000
430.38,-4338000
423.2,-4339000
414.9,-4340000
406.82,-4341000
397.67,-4342000
387.78,-4343000
377.44,-4344000
367.76,-4345000
357.42,-4346000
347.28,-4347000
338.27,-4348000
328.6,-4349000
320.31,-4350000
311.81,-4351000
305.09,-4352000
298.61,-4353000
293.02,-4354000
288.79,-4355000
285.52,-4356000
282.83,-4357000
281.24,-4358000
280.99,-4359000
281.26,-4360000
281.96,-4361000
283.29,-4362000
285.05,-4363000
287.55,-4364000
289.84,-4365000
292.12,-4366000
294.6,-4367000
296.97,-4368000
299.14,-4369000
301.12,-4370000
302.51,-4371000
303.49,-4372000
304.49,-4373000
304.45,-4374000
304.41,-4375000
303.92,-4376000
302.94,-4377000
300.98,-4378000
298.86,-4379000
296.27,-4380000
293.9,-4381000
290.32,-4382000
286.42,-4383000
282.72,-4384000
278.56,-4385000
274.14,-4386000
269.42,-4387000
264.38,-4388000
259.68,-4389000
254.75,-4390000
249.59,-4391000
244.24,-4392000
239.33,-4393000
235.1,-4394000
230.56,-4395000
225.95,-4396000
221.84,-4397000
217.71,-4398000
214.08,-4399000
210.71,-4400000
207.83,-4401000
205.28,-4402000
203.23,-4403000
201.51,-4404000
199.89,-4405000
198.97,-4406000
198.36,-4407000
198.44,-4408000
198.68,-4409000
199.7,-4410000
201.66,-4411000
203.49,-4412000
206.34,-4413000
209.97,-4414000
214.24,-4415000
219.12,-4416000
225.13,-4417000
231.64,-4418000
238.87,-4419000
246.67,-4420000
255.49,-4421000
264.43,-4422000
274.34,-4423000
285.17,-4424000
295.87,-4425000
306.86,-4426000
318.06,-4427000
329.34,-4428000
341.74,-4429000
353.06,-4430000
363.09,-4431000
374.47,-4432000
384.91,-4433000
394.61,-4434000
403.33,-4435000
411.91,-4436000
418.06,-4437000
425.03,-4438000
429.92,-4439000
433.42,-4440000
435.32,-4441000
437.38,-4442000
436.72,-4443000
435.6,-4444000
432.98,-4445000
428.66,-4446000
423.9,-4447000
417.72,-4448000
410.53,-4449000
403.48,-4450000
394.36,-4451000
385.86,-4452000
376.93,-4453000
367.42,-4454000
358.54,-4455000
350.06,-4456000
341.04,-4457000
333.37,-4458000
325.61,-4459000
319.28,-4460000
314.14,-4461000
309.4,-4462000
305.85,-4463000
303.86,-4464000
302.75,-4465000
302.88,-4466000
303.74,-4467000
305.62,-4468000
308.16,-4469000
311.01,-4470000
314.88,-4471000
318.24,-4472000
322.18,-4473000
325.85,-4474000
329.44,-4475000
332.74,-4476000
335.68,-4477000
338.23,-4478000
340.25,-4479000
341.3,-4480000
342.63,-4481000
342.4,-4482000
342.36,-4483000
341.19,-4484000
339.59,-4485000
336.8,-4486000
334.03,-4487000
330.63,-4488000
326.55,-4489000
321.92,-4490000
316.9,-4491000
311.26,-4492000
305.78,-4493000
300.11,-4494000
293.79,-4495000
287.37,-4496000
281.3,-4497000
274.41,-4498000
268.69,-4499000
262,-4500000
256.09,-4501000
249.78,-4502000
243.82,-4503000
238.39,-4504000
233.01,-4505000
228.22,-4506000
223.55,-4507000
219.32,-4508000
215.47,-4509000
212.14,-4510000
209.48,-4511000
207.12,-4512000
205.16,-4513000
203.55,-4514000
202.76,-4515000
202.54,-4516000
203.21,-4517000
203.89,-4518000
205.5,-4519000
208.14,-4520000
210.87,-4521000
214.59,-4522000
218.8,-4523000
223.5,-4524000
229.1,-4525000
235.27,-4526000
241.73,-4527000
248.62,-4528000
255.88,-4529000
263.93,-4530000
272.2,-4531000
280.99,-4532000
289.2,-4533000
298.28,-4534000
306.87,-4535000
316.05,-4536000
323.94,-4537000
333.22,-4538000
341.61,-4539000
349.19,-4540000
356.71,-4541000
363.09,-4542000
369.46,-4543000
375.17,-4544000
379.44,-4545000
383.65,-4546000
387.11,-4547000
389.67,-4548000
390.65,-4549000
390.88,-4550000
391.11,-4551000
389.42,-4552000
386.96,-4553000
383.95,-4554000
380.14,-4555000
375.27,-4556000
369.94,-4557000
364.26,-4558000
358.42,-4559000
351.86,-4560000
345.52,-4561000
338.74,-4562000
332.35,-4563000
326.45,-4564000
320.79,-4565000
315.46,-4566000
311.06,-4567000
307.79,-4568000
305.57,-4569000
304.3,-4570000
304.05,-4571000
305.15,-4572000
307.48,-4573000
310.89,-4574000
315.07,-4575000
320.36,-4576000
326.33,-4577000
332.67,-4578000
339,-4579000
346.15,-4580000
353.1,-4581000
359.52,-4582000
366.08,-4583000
371.8,-4584000
377.64,-4585000
382.36,-4586000
386.14,-4587000
389.27,-4588000
390.97,-4589000
392.27,-4590000
392.48,-4591000
391.24,-4592000
389.12,-4593000
386.12,-4594000
382.24,-4595000
377.32,-4596000
371.37,-4597000
365.04,-4598000
357.63,-4599000
349.64,-4600000
341.5,-4601000
332.55,-4602000
323.55,-4603000
313.8,-4604000
304.42,-4605000
295.37,-4606000
285.79,-4607000
276.82,-4608000
267.98,-4609000
259.85,-4610000
251.54,-4611000
244.01,-4612000
237.37,-4613000
230.74,-4614000
225.33,-4615000
220.37,-4616000
216.38,-4617000
212.89,-4618000
210.04,-4619000
208.11,-4620000
206.72,-4621000
206.18,-4622000
206.36,-4623000
207.65,-4624000
208.93,-4625000
211.52,-4626000
214.01,-4627000
217.42,-4628000
221.55,-4629000
226,-4630000
230.82,-4631000
236.28,-4632000
242.59,-4633000
248.46,-4634000
255.07,-4635000
261.78,-4636000
269.01,-4637000
276.53,-4638000
284.02,-4639000
291.44,-4640000
298.8,-4641000
306.03,-4642000
313.49,-4643000
320.69,-4644000
327.34,-4645000
333.81,-4646000
339.19,-4647000
344.31,-4648000
349.37,-4649000
353.29,-4650000
356.79,-4651000
359.61,-4652000
361.78,-4653000
362.52,-4654000
363.18,-4655000
363.05,-4656000
362.4,-4657000
360.11,-4658000
357.84,-4659000
354.46,-4660000
350.5,-4661000
346.16,-4662000
341.54,-4663000
336.2,-4664000
331.24,-4665000
325.27,-4666000
319.46,-4667000
314.31,-4668000
308.63,-4669000
303.86,-4670000
299.22,-4671000
295,-4672000
292.32,-4673000
289.76,-4674000
288.19,-4675000
287.8,-4676000
288.52,-4677000
289.93,-4678000
292.8,-4679000
296.86,-4680000
301.28,-4681000
306.81,-4682000
312.96,-4683000
319.74,-4684000
327.19,-4685000
334.93,-4686000
342.51,-4687000
350.87,-4688000
358.17,-4689000
365.91,-4690000
372.94,-4691000
380.09,-4692000
385.72,-4693000
391.37,-4694000
395.6,-4695000
399.69,-4696000
402.41,-4697000
404.26,-4698000
405.08,-4699000
404.34,-4700000
403.26,-4701000
400.94,-4702000
397.42,-4703000
392.94,-4704000
387.3,-4705000
380.89,-4706000
374.19,-4707000
366.85,-4708000
357.99,-4709000
349.15,-4710000
340.03,-4711000
330.72,-4712000
321.34,-4713000
312,-4714000
302.35,-4715000
293.61,-4716000
285.2,-4717000
277.3,-4718000
269.73,-4719000
263.39,-4720000
257.47,-4721000
252.51,-4722000
248.8,-4723000
245.65,-4724000
243.88,-4725000
243.06,-4726000
243.17,-4727000
243.74,-4728000
245.48,-4729000
247.97,-4730000
250.69,-4731000
253.88,-4732000
257.53,-4733000
261.42,-4734000
265.27,-4735000
269.24,-4736000
273.71,-4737000
277.49,-4738000
281.85,-4739000
286.04,-4740000
290.22,-4741000
293.58,-4742000
297.62,-4743000
300.88,-4744000
303.67,-4745000
307.13,-4746000
310.29,-4747000
312.36,-4748000
314.71,-4749000
316.54,-4750000
318.63,-4751000
320.09,-4752000
320.95,-4753000
322.09,-4754000
321.96,-4755000
322.01,-4756000
322.22,-4757000
321.19,-4758000
320.43,-4759000
319.22,-4760000
317.92,-4761000
315.97,-4762000
313.98,-4763000
311.72,-4764000
309.03,-4765000
306.22,-4766000
303.73,-4767000
300.61,-4768000
297.92,-4769000
294.36,-4770000
291.39,-4771000
288.1,-4772000
285.53,-4773000
282.81,-4774000
280.63,-4775000
278.57,-4776000
277.28,-4777000
276.46,-4778000
276.46,-4779000
277.17,-4780000
278.81,-4781000
281.33,-4782000
284.29,-4783000
288.23,-4784000
292.94,-4785000
298.49,-4786000
304.74,-4787000
311.66,-4788000
318.76,-4789000
326.2,-4790000
334.02,-4791000
342.36,-4792000
349.89,-4793000
357.47,-4794000
365.51,-4795000
372.91,-4796000
379.5,-4797000
386.19,-4798000
391.9,-4799000
396.88,-4800000
400.93,-4801000
403.95,-4802000
406.37,-4803000
407.32,-4804000
407.97,-4805000
407.27,-4806000
405.38,-4807000
402.85,-4808000
398.63,-4809000
393.89,-4810000
388.31,-4811000
382.74,-4812000
375.79,-4813000
367.21,-4814000
359.21,-4815000
351,-4816000
342.3,-4817000
333.4,-4818000
324.45,-4819000
314.98,-4820000
306.9,-4821000
298.43,-4822000
290.65,-4823000
283.25,-4824000
277.07,-4825000
271.16,-4826000
266.16,-4827000
262.44,-4828000
259.95,-4829000
258.3,-4830000
258.19,-4831000
259.15,-4832000
260.85,-4833000
263.75,-4834000
268.19,-4835000
272.59,-4836000
277.84,-4837000
283.6,-4838000
289.63,-4839000
296.1,-4840000
303.07,-4841000
309.7,-4842000
316.25,-4843000
322.71,-4844000
329.1,-4845000
334.36,-4846000
339.87,-4847000
344.75,-4848000
349.04,-4849000
352.75,-4850000
356.15,-4851000
357.84,-4852000
359.29,-4853000
360.41,-4854000
360.37,-4855000
359.37,-4856000
358.13,-4857000
355.67,-4858000
353.07,-4859000
349.42,-4860000
345.81,-4861000
341.08,-4862000
336.51,-4863000
331.08,-4864000
325.94,-4865000
319.66,-4866000
314.21,-4867000
308.68,-4868000
302.27,-4869000
296.8,-4870000
291.46,-4871000
285.93,-4872000
280.99,-4873000
276.33,-4874000
271.99,-4875000
268.55,-4876000
265.09,-4877000
262.57,-4878000
260.6,-4879000
259.22,-4880000
258.52,-4881000
258.3,-4882000
259.28,-4883000
260.38,-4884000
262.43,-4885000
265.22,-4886000
268.52,-4887000
272.34,-4888000
277.14,-4889000
281.96,-4890000
287.64,-4891000
293.62,-4892000
299.98,-4893000
306.58,-4894000
313.55,-4895000
320.83,-4896000
327.66,-4897000
335.05,-4898000
342.4,-4899000
348.92,-4900000
355.82,-4901000
362.51,-4902000
368.72,-4903000
373.94,-4904000
379.23,-4905000
384.15,-4906000
387.65,-4907000
391.16,-4908000
393.99,-4909000
395.35,-4910000
395.88,-4911000
396.4,-4912000
395.6,-4913000
393.23,-4914000
390.95,-4915000
387.96,-4916000
383.08,-4917000
378.21,-4918000
372.73,-4919000
366.33,-4920000
359.6,-4921000
352.28,-4922000
345.05,-4923000
337.74,-4924000
330.44,-4925000
322.05,-4926000
314.7,-4927000
307.03,-4928000
300.59,-4929000
294,-4930000
288.87,-4931000
284.14,-4932000
279.6,-4933000
277.12,-4934000
275.12,-4935000
274.6,-4936000
274.81,-4937000
276.25,-4938000
279.06,-4939000
282.36,-4940000
286.41,-4941000
291.3,-4942000
296.66,-4943000
302.98,-4944000
309.15,-4945000
315.48,-4946000
321.85,-4947000
328.36,-4948000
335.01,-4949000
341.11,-4950000
346.64,-4951000
352.55,-4952000
357.02,-4953000
361.76,-4954000
365.75,-4955000
368.53,-4956000
371.02,-4957000
372.8,-4958000
373.76,-4959000
373.87,-4960000
373.28,-4961000
371.69,-4962000
369.54,-4963000
366.61,-4964000
362.97,-4965000
358.69,-4966000
353.94,-4967000
349.03,-4968000
343.74,-4969000
338.1,-4970000
331.75,-4971000
325.7,-4972000
319.58,-4973000
313.06,-4974000
307.15,-4975000
301.5,-4976000
296.17,-4977000
291.68,-4978000
287,-4979000
284,-4980000
280.97,-4981000
278.83,-4982000
277.65,-4983000
277.24,-4984000
277.73,-4985000
279.02,-4986000
280.81,-4987000
283.71,-4988000
286.76,-4989000
290.46,-4990000
294.58,-4991000
299.43,-4992000
304.32,-4993000
308.87,-4994000
313.96,-4995000
319.26,-4996000
324.29,-4997000
329.67,-4998000
333.87,-4999000
338.9,-5000000
