# Distance (km), Depth (m)
0.000000000000000000e+00 0.000000000000000000e+00
9.367544487537600162e-01 -1.500099999999999909e+02
1.873630553247096486e+00 -1.041989999999999981e+02
3.898570939754506526e-01 -1.992200000000000060e+01
1.327031546937860185e+00 -1.905080000000000098e+02
2.264323600607809794e+00 -1.060240000000000009e+02
3.201731655595125403e+00 -1.410639999999999930e+02
1.718764946056325016e+00 -1.919890000000000043e+02
2.656464751201525587e+00 -1.728300000000000125e+02
3.594276647045830941e+00 -1.342640000000000100e+02
4.532199118043308772e+00 -1.485790000000000077e+02
3.050045759276628132e+00 -1.804989999999999952e+02
3.988253459986822236e+00 -1.563569999999999993e+02
4.926567964966210411e+00 -1.909660000000000082e+02
6.334236846936164511e+00 -1.526030000000000086e+02
4.383653955747178088e+00 -1.645029999999999859e+02
5.791740182777175505e+00 -1.533849999999999909e+02
6.730590931954395728e+00 -1.583609999999999900e+02
7.669541383818199165e+00 -1.929670000000000130e+02
6.189119446412888692e+00 -1.818899999999999864e+02
7.128341234219021771e+00 -1.978300000000000125e+02
8.537353933082783897e+00 -1.775639999999999930e+02
9.476813891605587514e+00 -1.360920000000000130e+02
7.997307353157594889e+00 -1.503470000000000084e+02
8.937031336521272351e+00 -1.907549999999999955e+02
1.034678753443839128e+01 -1.744679999999999893e+02
1.128673674408423722e+01 -3.627160000000000082e+02
9.808148459811690145e+00 -2.271860000000000070e+02
1.074835452208913011e+01 -2.009180000000000064e+02
1.215882453089761839e+01 -2.504859999999999900e+02
1.021072732166101105e+01 -3.438260000000000218e+02
1.162157578035501615e+01 -2.335910000000000082e+02
1.256224458452851422e+01 -2.721569999999999823e+02
1.397339986157820135e+01 -4.242939999999999827e+02
1.202600121591069637e+01 -2.700679999999999836e+02
1.343752447395092986e+01 -3.335140000000000100e+02
1.437863742938029077e+01 -4.079429999999999836e+02
1.290240716033167701e+01 -3.169080000000000155e+02
1.431446599044983259e+01 -3.717490000000000236e+02
1.572669225593190845e+01 -4.271329999999999814e+02
1.666826786186877030e+01 -4.074789999999999850e+02
1.472217140499009247e+01 -3.563779999999999859e+02
1.613485788542715227e+01 -4.079649999999999750e+02
1.754770240337376208e+01 -4.011859999999999786e+02
1.560220867325861605e+01 -3.944130000000000109e+02
1.701539628747769939e+01 -3.961179999999999950e+02
1.748649253098261624e+01 -3.892730000000000246e+02
1.648385323403405778e+01 -4.022160000000000082e+02
1.689573442802139880e+01 -4.046820000000000164e+02
