# Distance (km), Depth (m)
0.000000000000000000e+00 0.000000000000000000e+00
4.474310436577866312e-01 -5.025699999999999790e+01
8.949766090371156224e-01 -6.008500000000000085e+01
2.844453330171347716e+00 -1.417709999999999866e+02
3.292245485123515891e+00 -1.270769999999999982e+02
2.686290347227156872e+00 -1.294929999999999950e+02
4.636289105771993491e+00 -1.486119999999999948e+02
5.084523829420135144e+00 -1.768189999999999884e+02
5.532867556523171970e+00 -2.264689999999999941e+02
6.429879444178112635e+00 -3.286179999999999950e+02
6.878546328556495837e+00 -3.685079999999999814e+02
7.327319663952181372e+00 -3.849440000000000168e+02
9.278189030431548190e+00 -3.368020000000000209e+02
8.674272139913682622e+00 -3.280649999999999977e+02
1.062548566377259363e+01 -3.389950000000000045e+02
1.107479066824018332e+01 -3.406209999999999809e+02
1.197370629215467375e+01 -3.479139999999999873e+02
1.242331573549660106e+01 -3.452210000000000036e+02
1.287302548966979998e+01 -3.394879999999999995e+02
1.377274362622378590e+01 -3.599879999999999995e+02
1.422275086715424663e+01 -3.709660000000000082e+02
1.467285613593836047e+01 -3.814350000000000023e+02
1.557335852039005886e+01 -3.983539999999999850e+02
1.602375452803298117e+01 -4.030720000000000027e+02
1.797632799727389852e+01 -4.318090000000000259e+02
1.737551524988958818e+01 -4.305550000000000068e+02
1.782629125722121444e+01 -4.308100000000000023e+02
