# Distance (km), Depth (m)
0.000000000000000000e+00 0.000000000000000000e+00
2.911247968615384707e+00 -1.463400000000000034e+02
2.266594210049817093e+00 -1.223619999999999948e+02
2.683556171947031999e+00 -1.306839999999999975e+02
3.100736463831879064e+00 -1.411610000000000014e+02
3.518133935304689430e+00 -1.276869999999999976e+02
3.935747443441243831e+00 -1.457880000000000109e+02
3.291975263722719092e+00 -1.356109999999999900e+02
3.709986080296431510e+00 -1.380569999999999879e+02
4.128210607237804197e+00 -1.662239999999999895e+02
4.546647720536952875e+00 -1.485120000000000005e+02
3.903580241703224374e+00 -1.663629999999999995e+02
4.322411740773219435e+00 -1.717669999999999959e+02
4.741453524686477294e+00 -1.511229999999999905e+02
5.160704488133490031e+00 -2.132390000000000043e+02
5.580163532991718967e+00 -2.105039999999999907e+02
4.937989024284178186e+00 -2.092450000000000045e+02
5.357838352285654082e+00 -2.221359999999999957e+02
6.419701510066630590e+00 -2.126119999999999948e+02
6.839778281495426882e+00 -2.098189999999999884e+02
7.260058812655188376e+00 -2.049639999999999986e+02
7.680542040567388540e+00 -2.022539999999999907e+02
7.039283060949088622e+00 -2.090449999999999875e+02
7.460150740926110302e+00 -2.074519999999999982e+02
7.881218907725695999e+00 -2.177940000000000111e+02
8.302486516173104292e+00 -2.092529999999999859e+02
8.723952527855885819e+00 -2.111069999999999993e+02
9.145615911073861071e+00 -2.128089999999999975e+02
8.505439833748908995e+00 -2.064900000000000091e+02
8.927482491425251965e+00 -2.054329999999999927e+02
9.349720356363064866e+00 -2.082870000000000061e+02
9.772152414236103368e+00 -2.117940000000000111e+02
1.019477765727160090e+01 -1.766839999999999975e+02
1.061759508420195175e+01 -1.839530000000000030e+02
9.978506986910474552e+00 -2.219219999999999970e+02
1.146380251691243757e+01 -2.315829999999999984e+02
1.082508018515474646e+01 -1.860440000000000111e+02
1.124865089679570929e+01 -2.291910000000000025e+02
1.167240971070921773e+01 -2.325629999999999882e+02
1.209635565523066703e+01 -2.344410000000000025e+02
1.145836011043346048e+01 -1.781790000000000020e+02
1.188267510460809717e+01 -2.200569999999999879e+02
1.230717515426485420e+01 -2.296599999999999966e+02
1.273185930427194990e+01 -2.445869999999999891e+02
1.315672660564948160e+01 -2.639080000000000155e+02
1.358177611552341091e+01 -2.676650000000000205e+02
1.294487721009889469e+01 -2.566360000000000241e+02
1.337029072476642000e+01 -2.764510000000000218e+02
1.379588441628635564e+01 -2.777139999999999986e+02
1.422165735790707686e+01 -2.821240000000000236e+02
1.464760862883539971e+01 -2.892520000000000095e+02
1.401162730735640594e+01 -2.811399999999999864e+02
1.443793866854954899e+01 -2.720840000000000032e+02
1.486442636025103070e+01 -2.721039999999999850e+02
1.529108947748687797e+01 -2.695480000000000018e+02
1.465584657358061804e+01 -2.622810000000000059e+02
1.657212241960633037e+01 -2.948860000000000241e+02
1.593742720622077513e+01 -2.920590000000000259e+02
1.636496528335334233e+01 -2.952740000000000009e+02
1.679267415892903159e+01 -2.967269999999999754e+02
1.722055296060739238e+01 -2.978799999999999955e+02
1.764860082163536958e+01 -3.015179999999999723e+02
1.701482977506171324e+01 -2.996829999999999927e+02
1.744322784218948641e+01 -3.054189999999999827e+02
1.787179305358742454e+01 -3.128210000000000264e+02
1.830052455753062191e+01 -3.262860000000000014e+02
1.872942150774417769e+01 -3.450319999999999823e+02
1.809657763252286600e+01 -3.262189999999999941e+02
1.852582096245379262e+01 -3.430840000000000032e+02
1.895522785500315877e+01 -3.305020000000000095e+02
1.938479747863382840e+01 -3.328000000000000114e+02
1.981452900712386622e+01 -3.685249999999999773e+02
1.918261508313625541e+01 -3.459920000000000186e+02
2.110468683842739779e+01 -4.202429999999999950e+02
2.047331674354626330e+01 -4.050659999999999741e+02
2.090386857532982390e+01 -4.251449999999999818e+02
2.133457803957031729e+01 -4.266089999999999804e+02
2.070377779316089573e+01 -4.314169999999999732e+02
2.113482503433900206e+01 -4.304370000000000118e+02
2.050441620770433815e+01 -4.251059999999999945e+02
2.093580052171520833e+01 -4.363559999999999945e+02
2.030578553386138196e+01 -4.240919999999999845e+02
2.053994380313665147e+01 -4.316619999999999777e+02
