25.189417
25.07000964
24.95466259
24.84327076
24.73645815
24.63372452
24.53525335
24.44116134
24.35120271
24.26555525
24.1838114
24.10596125
24.03187835
23.96090142
23.89315611
23.82815846
23.76539728
23.70501178
23.64625241
23.58896438
23.5330514
23.47796251
23.42383602
23.37024852
23.3169944
23.26437647
23.21186262
23.15953758
23.10780124
23.05624465
23.00526057
22.95518387
22.90612791
22.85859921
22.81271009
22.76912122
22.72827281
22.69027999
22.6558424
22.62524823
22.59867576
22.57657413
22.55898284
22.54622551
22.53851338
22.53581191
22.53858105
22.54679982
22.56076567
22.58084309
22.60709264
22.64020508
22.68034585
22.72764482
22.7828901
22.84594571
22.91689738
22.99608847
23.08293207
23.17756472
23.27932593
23.38743802
23.50197935
23.62141857
23.74509748
23.87291278
24.00313813
24.13552453
24.26975199
24.40447474
24.5399391
24.67547774
24.81037408
24.94501571
25.07849954
25.21058479
25.3412765
25.46929197
25.59453626
25.71648579
25.83377502
25.94612463
26.05246339
26.15199385
26.24414046
26.32779024
26.4029549
26.46903362
26.5253692
26.57254098
26.61011015
26.63821115
26.65752637
26.66753374
26.66903429
26.6623762
26.64707116
26.62405654
26.59318434
26.55424279
26.50801829
26.45401075
26.39255811
26.32439944
26.24902882
26.16737633
26.08012483
25.98730462
25.89018373
25.7892577
25.6852018
25.57940187
25.47217903
25.36442705
25.25723157
25.15098137
25.04655746
24.94440888
24.84518846
24.74966282
24.65782354
24.5704458
24.4880826
24.41070895
24.33898345
24.27321069
24.21361615
24.16071
24.11455256
24.07552004
24.04386393
24.0194701
24.00276484
23.99366928
23.99188495
23.9975861
24.01036575
24.02976112
24.05548784
24.086768
24.12313458
24.16403881
24.20836775
24.25574112
24.30560358
24.35686915
24.40915517
24.4619996
24.51466322
24.56673116
24.61766905
24.66698447
24.71428833
24.75877224
24.79998881
24.83751663
24.8704269
24.89826371
24.92040739
24.93609983
24.94508604
24.94678882
24.94087747
24.92743723
24.90620268
24.87732678
24.84109217
24.7977427
24.7476796
24.69105648
24.62851556
24.56037923
24.48654587
24.40771396
24.32398965
24.23518722
24.14197479
24.04430699
23.9424519
23.83710109
23.72820003
23.61682336
23.50373614
23.38916353
23.27477979
23.16143316
23.04963657
22.94109678
22.83650098
22.73655347
22.64242997
22.55453861
22.47357333
22.39992931
22.33386516
22.27589992
22.22596743
22.18420405
22.1510817
22.12649295
22.11066798
22.10392111
22.10638695
22.11841473
22.13984913
22.17095898
22.21203573
22.2627479
22.32286414
22.3922141
22.47034253
22.55672372
22.65041283
22.7507436
22.85743012
22.96886547
23.08427243
23.20350194
23.32531198
23.44891328
23.5739515
23.69980726
23.82610395
23.9521892
24.07765018
24.20255478
24.32596618
24.44770668
24.5676221
24.6849014
24.79956109
24.91101929
25.01874066
25.12277347
25.22259256
25.31784823
25.40854223
25.49451224
25.57579367
25.6520174
25.72339612
25.79030569
25.85225848
25.9097679
25.96306074
26.01208741
26.05743933
26.09904954
26.13728379
26.17269815
26.20510132
26.23498749
26.26275634
26.28829222
26.31212192
26.33426496
26.35484772
26.37424535
26.39233536
26.40943376
26.42563201
26.44096916
26.45566902
26.46964907
26.48313137
26.49619019
26.50866469
26.52084055
26.53251877
26.54360709
26.55425516
26.56408718
26.57319532
26.5813504
26.58826627
26.59396796
26.59792075
26.59998536
26.59988466
26.59693331
26.59108144
26.58163602
26.56792414
26.54989879
26.526481
26.49729882
26.46210102
26.41993686
26.37090867
26.31461512
26.25052082
26.1791245
26.10003818
26.0131575
25.91911059
25.8174855
25.70855032
25.59234775
25.46865073
25.33783901
25.19921413
25.05292112
24.89933534
24.73747364
24.56789657
24.3912011
24.20676685
24.01574762
23.8187228
23.61644017
23.41028543
23.2004446
22.98933113
22.77813599
22.56677748
22.35806947
22.15289155
21.95134597
21.75580565
21.56643724
21.38403656
21.21030897
21.04495027
20.88966831
20.74542896
20.61253341
20.49295588
20.3872221
20.2967324
20.22338951
20.16720016
20.13003774
20.11343321
20.11721145
20.14263546
20.18992694
20.25946547
20.35102225
20.46340848
20.59729195
20.75096458
20.92276866
21.11279474
21.31838769
21.53867238
21.77295301
22.01827607
22.27497149
22.5417268
22.81632129
23.09939991
23.38907664
23.68451346
23.98577436
24.29055714
24.59890101
24.90995173
25.2215455
25.53356121
25.84414552
26.15195138
26.45609415
26.75433036
27.04635409
27.33044608
27.60499269
27.87031806
28.1243172
28.36665475
28.59768436
28.81562802
29.02131954
29.21447027
29.39413074
29.56173253
29.71619095
29.85757859
29.98706411
30.10309825
30.20634694
30.29721219
30.37441369
30.43876056
30.48977105
30.52687522
30.55082622
30.56058733
30.55660776
30.53945069
30.50825253
30.46416816
30.40745281
30.33829232
30.25800506
30.16649476
30.06487119
29.95415649
29.8339688
29.70589053
29.57041857
29.42710753
29.2771835
29.12060473
28.95741196
28.78813744
28.61234055
28.43071158
28.24322883
28.04945623
27.85060146
27.64631566
27.43683903
27.22342584
27.00560088
26.78437393
26.5607824
26.33454807
26.10662662
25.87750482
25.64762604
25.41740199
25.18635022
24.95560663
24.7251942
24.49401361
24.26287567
24.03181618
23.80027368
23.5684043
23.33625306
23.10427029
22.8725759
22.6412168
22.41145541
22.18393617
21.95919996
21.73841182
21.52264132
21.31316595
21.11073535
20.91645176
20.73139637
20.55631696
20.39234011
20.23947986
20.09845181
19.97064986
19.85532275
19.75333904
19.66603578
19.5927721
19.53514343
19.49375651
19.46854911
19.46180779
19.47350383
19.50426893
19.5561806
19.62890322
19.72363308
19.84111232
19.9807603
20.1438636
20.32954698
20.53720588
20.76683748
21.01654624
21.2863084
21.57398219
21.87749469
22.19724427
22.52977067
22.87373287
23.22928368
23.59287507
23.96454839
24.34339149
24.72686418
25.11620505
25.50912083
25.90459418
26.30357392
26.70283191
27.1027577
27.50292923
27.89960197
28.29383247
28.68392265
29.06678418
29.44265009
29.808814
30.16454222
30.50846707
30.83789709
31.15409544
31.4547014
31.73815511
32.00603947
32.25622845
32.48862054
32.70376376
32.89991409
33.07844837
33.2384528
33.37893865
33.5014822
33.603978
33.68664156
33.74981037
33.79147901
33.81261646
33.81204881
33.78853229
33.74367598
33.6756508
33.5842447
33.47117899
33.33513882
33.17753297
32.99902919
32.79988097
32.58242865
32.34623837
32.09290658
31.82442507
31.54038852
31.24260066
30.93148267
30.6068999
30.27095437
29.92240467
29.5616396
29.19063004
28.80801582
28.41515111
28.01265097
27.60103106
27.18286901
26.75766019
26.32755341
25.8959609
25.46252882
25.02987771
24.60061582
24.17574123
23.75784027
23.34697908
22.94537677
22.55503919
22.17470013
21.80681384
21.4520366
21.10981751
20.78247164
20.4691727
20.17098896
19.89024838
19.62546822
19.37945628
19.15378423
18.94751111
18.76437852
18.60469338
18.46852206
18.35900016
18.27535665
18.21831175
18.18911027
18.18629644
18.21096058
18.26195466
18.33762181
18.43839864
18.56195688
18.70743485
18.8734314
19.05781587
19.26088007
19.48005372
19.71379048
19.96299578
20.22535091
20.50015632
20.7876401
21.08624152
21.39655728
21.71726701
22.04751326
22.38828933
22.73742123
23.09431523
23.45910307
23.82967234
24.20568867
24.58618834
24.96893948
25.35393761
25.74003607
26.12575636
26.51029373
26.89294503
27.27355479
27.65055467
28.02369336
28.39345923
28.75873076
29.1190083
29.4744231
29.82485347
30.16988497
30.50817469
30.8399311
31.16496221
31.48104919
31.78833166
32.08584419
32.37168753
32.64583697
32.90641896
33.15243986
33.38382079
33.59848259
33.79610958
33.97648519
34.13846325
34.28228371
34.4070965
34.51307931
34.60066249
34.66839217
34.71728602
34.74734329
34.75717208
34.74788198
34.71842853
34.66825166
34.59804791
34.5055366
34.39124407
34.25518964
34.09489854
33.91171702
33.70500304
33.47375578
33.21963846
32.94148735
32.64046784
32.31836699
31.97430134
31.61082761
31.22915797
30.82985606
30.41540622
29.98551489
29.54254143
29.08791467
28.62002378
28.14181557
27.65343302
27.1536888
26.64523834
26.12683171
25.59952069
25.06563688
24.52347287
23.97688721
23.42781311
22.87577336
22.32635758
21.78106671
21.24137707
20.7130168
20.1973673
19.69731469
19.21665402
18.75749981
18.3235558
17.91590875
17.53773125
17.19263629
16.88047877
16.6045917
16.36733584
16.16944208
16.01366852
15.89973122
15.82946464
15.80434665
15.82235815
15.88478365
15.99073148
16.13865178
16.32778392
16.55472322
16.81883291
17.11812639
17.44761855
17.80601938
18.19055123
18.59716631
19.02303264
19.46458366
19.92027355
20.38590102
20.85818158
21.33659894
21.8172306
22.29886567
22.78088451
23.26014029
23.73742377
24.21181078
24.68113287
25.14705232
25.6076892
26.06252757
26.5123367
26.95416623
27.38916396
27.81672106
28.23354487
28.64122954
29.03817999
29.42211183
29.794324
30.15252151
30.49646425
30.82661455
31.14070572
31.44034559
31.72499429
31.99359146
32.24804686
32.48727162
32.71179885
32.92255115
33.11835896
33.30086154
33.46962997
33.62372192
33.76502683
33.89168696
34.00344503
34.10151172
34.18350623
34.25003572
34.30093868
34.33445574
34.35188545
34.35186575
34.33387117
34.29930785
34.24653979
34.17672431
34.09023836
33.98612323
33.8665744
33.73061246
33.57855763
33.41221832
33.22993894
33.03304252
32.82198108
32.59520874
32.35459695
32.09901035
31.82773407
31.54242983
31.24085077
30.92371286
30.59179173
30.24288457
29.87886481
29.4996939
29.10435624
28.69545971
28.27245649
27.83596941
27.38861542
26.92986515
26.46151437
25.98473484
25.50032234
25.01030852
24.51374301
24.01284921
23.50937872
23.00134039
22.49135815
21.9812205
21.47009905
20.96043348
20.4533779
19.95160553
19.45744853
18.97116253
18.49885618
18.04277239
17.60419621
17.18980918
16.80149867
16.44263453
16.11850123
15.83015772
15.58215227
15.37764779
15.21741388
15.1046736
15.03961787
15.02410669
15.05795043
15.13920685
15.2694137
15.4453887
15.66471321
15.9266738
16.22682755
16.5638697
16.93503995
17.33583198
17.76619798
18.22193674
18.70014226
19.20034973
19.717524
20.25080446
20.79815419
21.35434853
21.91937266
22.49018241
23.06254493
23.6358294
24.20650269
24.77288027
25.33322561
25.88447281
26.42717474
26.9589914
27.4786136
27.98681263
28.48136056
28.96286592
29.43114376
29.88415174
30.32339732
30.74744628
31.15496382
31.54706408
31.92099377
32.27681889
32.61454917
32.93117557
33.22747275
33.50275214
33.75525692
33.98542783
34.19228221
34.37616435
34.53722847
34.67426813
34.78913511
34.88170518
34.95155695
35.00066068
35.02835207
35.03569392
35.02368788
34.9913106
34.94053315
34.87153944
34.78349452
34.67811728
34.5550023
34.41430914
34.25684782
34.08181683
33.89070184
33.68347286
33.45952891
33.22084628
32.96745504
32.69949734
32.41828185
32.12444676
31.81898092
31.50218471
31.17499025
30.83891441
30.49377345
30.14063632
29.7803377
29.41246487
29.03869243
28.65888051
28.27259993
27.88166508
27.48566161
27.08440272
26.67877545
26.26912185
25.85647979
25.44024671
25.02106699
24.60175121
24.18131023
23.76033177
23.34182793
22.92570959
22.51295733
22.10499623
21.70291224
21.30831155
20.92113128
20.54295143
20.17525362
19.81804889
19.47328809
19.14136941
18.82327187
18.52148621
18.2359356
17.96869503
17.72199188
17.49636033
17.29495529
17.1187368
16.96915257
16.84985135
16.76033224
16.70258421
16.67906597
16.68864261
16.73326739
16.81288446
16.92624555
17.074502
17.25543125
17.46804011
17.71183628
17.98384691
18.28377011
18.60889407
18.95672411
19.32737295
19.71711341
20.1245931
20.54916509
20.98749303
21.43985933
21.90390859
22.37726899
22.86129107
23.35231831
23.84907409
24.3519269
24.857259
25.36487768
25.87293247
26.37841263
26.88182785
27.38000264
27.87128177
28.35531484
28.82901402
29.29286958
29.74474053
30.18228365
30.60766187
31.01821631
31.4123813
31.7918156
32.15426907
32.49978813
32.82784698
33.13663612
33.42791906
33.69914331
33.94915648
34.17960368
34.38773174
34.57376052
34.73760074
34.87739037
34.9948115
35.08827651
35.15705755
35.20326869
35.22500161
35.22312561
35.19849503
35.14994081
35.07978307
34.98691469
34.87171929
34.73670477
34.57988116
34.40306195
34.20758236
33.99205058
33.75896912
33.50802947